C1,Q1_percent,C2,C1^2,C1 Q1_percent,C1 C2,Q1_percent^2,Q1_percent C2,C2^2,replicate
-0.5882820546859483,-0.33397729785371305,-0.43212017582165146,0.749658665065874,-0.5767635280282338,-0.1799938131799898,0.36748091669491684,0.7316112711044161,0.0752574077827098,1
0.34561820388179476,-0.06151397624814062,-0.26592624418954824,0.13042059730553346,-0.623316258000267,-0.2910503294869306,-0.1808182340635979,0.5875705945991878,-0.008715253919456354,2
0.08248341984712852,-0.4299346969758311,-0.8748143317764581,0.2576623429479399,-0.9493334082363788,0.05536067342181933,1.0708378961899685,0.31003120462043343,0.465948778903821,3
0.19534453638259439,-0.2482942746535078,-0.4792794636044881,0.1234543130329504,-0.6488720492097025,-0.1972050400776134,0.25328596256377395,0.7046713439860993,0.20673977267793506,4
0.17975744038443298,0.5507363577752122,-0.1520576000680874,0.519254423445106,-1.2500037272742868,-0.3343985299192909,0.1160857600004583,0.5344615758940451,-0.06948916993789132,5
0.10475266516385476,-0.32967557362114175,0.020359300862921172,0.18832988688411678,-0.6842802594447523,-0.2655488666833975,0.3928874552963069,0.8363717971332512,-0.31386228577726283,6
0.24443948575311802,0.29119021569614373,-0.10556658602694469,0.38244193526612147,-1.4123024931025154,-0.39488594778582653,-0.06794365244786901,1.021296827381007,-0.29954971680340564,7
0.07325183927242539,0.6347875228680995,-0.17361662587938462,0.2854208278797571,-1.1413784211842617,-0.20559424313670496,0.13719505404431787,0.3336730299392201,-0.05437638761341349,8
0.0026759101709628395,-0.2682707881824263,0.14778704073635593,0.08017701017470422,-0.3277958200353059,-0.06726879518542635,0.4655415171536105,0.33530245352044913,-0.2937664057788593,9
0.08152850498955971,0.5978279314885354,-0.22493416805738736,0.4212352436027829,-1.070271074394841,-0.21088814196724526,0.3532000938126255,0.24166138968688644,0.06929921327756391,10
0.12049485565591668,0.3323356533569341,-0.8115814872443204,0.13527270485545348,-0.8882165997607916,-0.03958881245307771,0.5691683093268423,0.13138421343664833,0.5451645569214535,11
-0.0018675002058901333,-0.7733938226499995,-0.48384847361405026,0.0764000215635595,-0.053182698292910474,-0.04977142919482605,0.07990279958640852,0.8478333399610538,0.03312925373309537,12
-0.04776979406624482,0.22714169758775557,-0.29695347891465107,0.24729578773742497,-0.7210566710418354,-0.08005733327625887,0.058179715841206237,0.5381541640652545,-0.06967882832126691,13
0.12613416852480594,0.32478130187827076,-0.16729976611923894,0.32242023632346134,-1.1691354199921045,-0.27849778669959796,-0.07361012389345863,0.8518117763775348,-0.1966842214964361,14
-0.1782117971935888,0.382863734824268,-0.4149954932742445,0.4288508249273671,-0.7665972739769892,-0.11799402393804986,0.1087691250713405,0.33742181964720663,0.13328448425130288,15
-0.090590689888081,0.16708509159610027,-0.36075273898641397,0.4931888775140673,-0.7070650847370868,-0.16396709050496616,0.63326763692811,0.09581403189417394,0.30238491173238186,16
0.022797121403707692,0.0027826778466017075,-0.27989496712741563,0.2943135616485616,-1.024104570846971,-0.19151888575466164,0.35145056118232554,0.8373370484137114,-0.1390574855626249,17
0.1863561093045255,0.7493074643048546,-0.3213618047652849,0.4919044593878335,-1.373684511346748,-0.41652218697127885,-0.07183500774568272,0.6855806576718856,-0.08388363930718293,18
-0.5299012046772572,0.16844434684917609,-0.545750707040623,0.5789807329027591,-1.2463620183061421,0.1354977970848236,0.2639298389763561,0.81125474703281,-0.13744186221173468,19
0.057743274701813695,-0.081391434879152,-0.07845558846943389,0.42331661263414794,-0.7722136685632162,-0.3763163641219053,0.1189337589123532,0.6472382102583815,-0.14825081530818174,20
0.2191989640045228,-0.5952052683410594,-0.16021694116381605,0.08203177969371123,-0.0314761352919352,-0.25195527664078465,0.12401585188458387,0.6237538370298857,0.08163202803773317,21
0.065149015029113,0.7334708523720941,-0.44302585947483275,0.2748546466333778,-1.1011592130857248,-0.16717283098044391,0.09481163117077196,0.3820493714232449,0.13475501091565092,22
-0.12719948505900924,0.3108906703327535,-0.6139654685598205,0.1146870258628208,-0.6707872414583425,0.08249684182879057,0.35345643393067194,0.19732566158515258,0.1864847259460862,23
-0.4150264712679372,-0.1208033274846927,-0.23641188068314958,0.7546303557781181,-1.0093968420375696,-0.12264308587267686,0.26387808333751195,1.1811930449478807,-0.3815446107002998,24
-0.21462208475970598,0.03723226626368939,-0.48247120310381425,0.36606446332217113,-0.932946552655474,-0.10220639496212897,0.20575165630018322,0.8398738170653558,-0.14687765598859484,25
-0.5128034245428879,0.15908768007540583,-0.28060833372142924,0.7499756690428984,-0.7489262660533155,-0.09480053178573994,0.24765046874305918,0.5107335365244772,-0.11691046180074306,26
0.2075401270866552,0.46356822335305764,-0.2827569917574981,0.32976764639193623,-1.4426827010855523,-0.22693389338474435,0.24819834666541785,0.6048858305714755,-0.12259897799548064,27
-0.6670936789942276,-0.18478239450918124,-0.9257518927062506,0.6951044841802495,-0.8115914279836797,0.09973392228087291,0.13574071032814267,1.0429289182749475,0.1828527219342858,28
-0.00564862473266081,-0.08857988589908761,-0.2223522493866315,0.3263852039649557,-0.9623128740775011,-0.13487975892539017,0.39861935644517715,0.7508597031575044,-0.12594274152545398,29
0.1777494586662037,0.27883969850777834,-0.2946659454130426,0.2619152843651044,-1.18341643556279,-0.23438590011368537,0.18512874059383053,0.641066255145932,-0.09520986038539023,30
0.06376485147371758,-0.10106199906176766,-0.44308526419733096,0.390792334907055,-1.0019479629504207,-0.2115372985689021,0.3457955403341499,0.8034811416080974,0.041492394888124576,31
-0.2934105649071952,0.09076072557788432,-0.029512847832526595,0.46354177154043147,-0.8964136512028205,-0.09517122413420918,0.061267995272914946,0.9294485886897426,-0.5856787590204944,32
0.40374222456886777,0.5643115080741333,-0.41908298468790406,0.43064063695702764,-1.39858559313549,-0.37773845987970894,0.39016976677808923,0.5349619247766977,0.21810163451275125,33
0.09590850486039554,0.4273612693360702,-0.37607182044186077,0.5148421212197001,-1.4392513094224728,-0.2811360087116196,0.25140173074154815,0.9255668074011777,-0.0820234349728637,34
0.04346246133580074,-0.049946131858008835,-0.6558013929399198,0.29282056452995153,-0.9480003607741654,-0.22178832933124598,0.2840851657210697,0.7820535911737809,0.228415155882672,35
0.4160861514300014,0.5408280705156695,-0.3796025875700854,0.2911526296738095,-1.3302928866909092,-0.22884207776951868,0.37604687800581643,0.28728123168322617,0.22575836381651723,36
-0.09432550840050434,0.6416643231385125,-0.3851109606868997,0.3902637261282008,-1.2581995775051131,-0.15973301863655495,-0.1073924728070752,0.7010005630686897,-0.1672930373393004,37
0.32861334123865704,0.6222006543930474,-0.46373081194676574,0.15118294442659874,-1.1061017104199211,-0.280325435025486,-0.03132612454455652,0.5218424668436767,0.17090779598448017,38
-0.27790538058990866,0.22109598361714547,-0.059908092051123095,0.4703112798695957,-1.045811649150847,0.06181477839252069,0.40505311734513627,0.5384190365163986,-0.4051843553626339,39
-0.3963534607558587,0.06275801686365422,-0.3999274662928907,0.5996454752631178,-0.5393289574336824,-0.17075449276777488,0.3116824415207101,0.3070333520464582,0.1783092690533359,40
-0.2757793653519354,0.07069687310896908,-0.21993904965305228,0.5938066128576723,-1.129069922845204,-0.031096560740542747,0.43446756401499426,0.7689165690941895,-0.21361058364954993,41
0.21276473535092622,-0.33180743139570446,-0.20057461148159283,-0.013985580676521026,-0.3803816276111238,-0.12474370035889125,0.2879128566415254,0.5255195251901373,-0.11363016984299049,42
0.21148618125910942,-0.26655276253052085,-0.3579183567355182,0.1869929917423424,-0.7814910636192538,-0.2486742892003894,0.28918484584850485,0.8995168347470348,0.03342325002677318,43
0.1678816265728368,-0.1977902385897461,-0.1977095638647179,0.16918597854188647,-0.5414607500053668,-0.19377542466969477,0.03359977773317699,0.7802616669980003,-0.10171406220980443,44
0.3025343507857241,0.1005922530207706,-0.12358590737116847,0.20158504394673377,-0.8463348882670383,-0.24982692449673866,0.0478497673924303,0.645237347904952,-0.11913905951488091,45
0.27107781055776975,-0.2832700202115264,-0.30931149403138336,0.03435923839399791,-0.04851112073670114,-0.1869000255616859,-0.2339226135121775,0.5718326658686417,0.17024160639867658,46
-0.2392520346511736,0.10507680550038288,-0.7215882037202466,0.5690077818872736,-0.932803929670584,-0.2621120061135657,-0.058213547739491514,0.958697718456684,0.2718525636890296,47
0.03617210318346062,0.468518173181518,-0.5135388616464085,0.417461455353657,-1.0345364622120383,-0.2165054926811495,0.16791548699373557,0.4927610769223901,0.1364028250691729,48
0.015433425816280398,0.3630327988592122,-0.08026691255921667,0.3174709731940878,-1.324394899715263,-0.2748979971823175,-0.0076805491637998505,0.9129830659116446,-0.42238602265385616,49
-0.03157625922521731,0.3796714406234505,-0.7729186591833174,0.03815134922615898,-0.6726044655858653,0.06470653751126126,0.28324131461563823,0.10542691972658452,0.41532522191408516,50
0.3554535726691132,-0.0646904899692746,-0.4279943219339986,-0.13417920575904826,-0.23659878262153344,-0.16515934971872612,-0.11847967745975199,0.30812131603081366,0.20272332863568293,51
0.34102578690056046,0.5493575935498565,-0.18931264797919026,0.17090676941576244,-1.2400968925875346,-0.44460111320883516,0.0857857880477637,0.6864290964117697,0.004315657841137053,52
-0.2162062842684826,0.2903578159451738,-0.5291011554172637,0.4889965011967661,-0.8318669117415576,-0.06842092057768553,0.31648865453789754,0.41861981283629146,0.2166957478898299,53
-0.24841025640346098,-0.5924132292868148,-0.267370623743627,0.3281076950886648,-0.6519514008327175,-0.03503975483861682,0.39768332932466305,1.1218136459977808,-0.3249972481643439,54
-0.8361209829744222,0.16394831269203955,-0.4124569798549515,0.7950503768248263,-0.7276895061113802,0.15290232681431914,0.08277391045994739,0.6423103565340859,-0.3824252435740809,55
-0.08197710556347075,0.2284065075479391,-0.36403103893218103,0.4745886659679459,-0.9287286442573435,-0.1324077378452966,0.6063849481066025,0.28342495548900154,0.15755939026853558,56
-0.02387046306779677,-0.3756250444694851,-0.06438657426694791,0.4489391049877467,-0.5652823514876907,-0.23770903288491885,0.1629921713477445,0.8921509872633783,-0.25773723919983016,57
-0.18282234242325032,-0.646229269467247,-0.041333991916445635,0.37961653383039634,-0.45514297970580886,-0.2997221538656808,0.12418196059540722,0.9559906689590502,-0.43616654321145654,58
-0.3099331346874598,0.04929429155519773,-0.5628919279816311,0.4301520882624726,-0.4317964683623189,0.012946517578965323,0.07717140271279493,0.4650818016660763,0.2813711403750537,59
0.3585425832473692,-0.39567707230125526,-0.23143797797691246,0.11469250642845635,-0.5075154931441188,-0.311164698959341,0.17886879908416953,0.8500342945664768,0.018565231965355245,60
0.11924179945990175,0.014789429177134654,-0.44359670166173965,0.1273764085034805,-0.7901067588885171,-0.09529395806523125,0.3722472479054266,0.49478727965698965,0.07352278446083434,61
-0.3195778200586693,-0.10854496816697129,-0.5320349747349099,0.5081848081301864,-1.0824688719580715,-0.08401566639431322,0.12174505961029347,1.142752342712501,-0.08035801380078568,62
-0.04033341545590436,0.8607290077322183,-0.3125441257336599,0.3837271953041251,-1.2412103388494018,-0.21274504719376194,-0.06451905819496133,0.5135918095952808,-0.0854119380304969,63
0.2470523889098794,-0.3138828530718802,-0.3366193001061983,0.11726881776633194,-0.5907844834989203,-0.2819923789315204,0.022910177074058784,0.8237487032250469,-0.07174159298677384,64
-0.08148505331558793,-0.36046406374987255,-0.3366632622773413,0.27842255853751235,-0.7995836588572244,-0.12933636363764678,0.3617391508743208,0.8484909286389007,-0.18525222162775457,65
0.013529170911678155,0.5948974543344638,-0.24468302229458108,0.3108453153599279,-1.395533950125332,-0.24479786352983196,-0.0477076330993127,0.8466024589010367,-0.24892741595202997,66
-0.028352554501382212,0.4408103895348365,-0.3477146291025118,0.23564215396630153,-1.101382225928819,-0.1410968329927367,0.0060733350192196936,0.6167341011691851,-0.12751335261720922,67
-0.04425687179283887,0.7074008673015482,-0.27588981591535505,0.4883978120058051,-1.2043200780630798,-0.16705765579151272,0.05275167541251919,0.47288128326282075,-0.08739368979797096,68
0.23450204136440148,0.3295770064305266,-0.15495676583257734,0.29919590600331347,-1.0026288241596555,-0.2696673802002845,0.13668317242240366,0.4787172658635584,-0.01956095916814671,69
0.5501422912192798,0.35025062920899613,-0.3300329629263928,-0.10356837624086576,-0.907884814100305,-0.300399938006805,0.19196730841063944,0.37385944803201393,0.2695979471179118,70
0.3252250754061427,0.5932002285688849,-0.2224252839051666,0.12435008837737664,-1.229247423333718,-0.3389917411159788,0.042916718667683804,0.6470062959664417,-0.013375831868877442,71
-0.15534617339978124,-0.44502126091803346,-0.49945833278061136,0.2814906782294984,-0.6912012944824771,0.014143457046096123,0.49786502554455797,0.771613820366595,-0.03190094023789178,72
0.29231499134151856,0.25766492865631613,-0.008941577906784726,0.40456967872029137,-1.2447536714670493,-0.43809968653055575,0.15123835212702105,0.8645131025163155,-0.1780632779708313,73
0.17796679236534588,-0.34685883422940067,-0.23322895497940954,0.2989537014838389,-1.0764178911173357,-0.3459097689581903,0.3377426059374505,1.0432429536926393,-0.223754290029252,74
-0.2691001253232622,-0.3613858922729164,-0.3012070654472739,0.5353657005187611,-0.8257780817915513,-0.1669136322584755,0.13039009506831434,1.1481005120535668,-0.24500269924334248,75
-0.21686211413949244,-0.1310663701173475,-0.32723079740435307,0.3223831590698775,-0.6919788885943687,-0.046467275250766535,0.2679789950294308,0.7996049826615073,-0.21169004700901597,76
-0.12607437873038063,-0.5056009985643896,-0.12114268147383926,0.22689024136388364,-0.5844382788173864,-0.14296735383025877,0.11323688405206345,1.0887404229597055,-0.5214489600087269,77
-0.14429089649822727,-0.3721301100505828,-0.06910416122255454,0.40897214086094563,-0.6682005974630423,-0.07665983208387629,0.28104751728627436,0.9403945003670294,-0.38184934645638424,78
-0.2946869340660818,-0.059185597974635476,-0.4038226057317312,0.3257722748541258,-0.5993158059365495,0.019671738541562626,0.1980515738139971,0.6570796673843604,-0.18330510625855503,79
-0.26928969598072916,-0.36391784158923324,-0.7270496859913577,0.6490286140503697,-1.0129250085174335,-0.10539794978297798,0.8827617098242044,0.7044876311920115,0.3744058280543144,80
0.18855297423937228,-0.44534838734715226,-0.08038018176817013,0.19572071847109418,-0.3815317067039213,-0.2695000492978637,0.17123937084673013,0.8476935754013163,-0.15602903000590299,81
0.056727386001377424,0.1314361573787546,-0.3742799343334518,0.312788706928027,-0.8757582697847768,-0.08409822889783025,0.5165852908240036,0.3163078701597973,0.10348679344447022,82
-0.09377523216657811,0.4003775067150259,-0.4614899024127001,0.5500992770821088,-1.0243831516888142,-0.11970242395151405,0.2458591967188744,0.5690610946234747,0.10662173691414441,83
0.1754303650565661,0.037417831655697655,-0.2370599579302262,0.24608622213212508,-0.6964457503888082,-0.09746315229321832,0.591802622692874,0.15091456105103046,0.11165087765126686,84
-0.2885538756199261,0.1687597514635275,-0.745026646058229,0.45924138690869326,-0.8377090377587315,0.046248918434234246,0.5050736467586173,0.4071952591429909,0.3235429686351421,85
-0.21359233744465908,0.04509866496207025,-0.6290563342806911,0.3932954756417496,-0.9054402274468142,0.01304619368406832,0.4161677376549024,0.601712712398894,0.1175390447456847,86
0.22892149248659027,0.21841070839671056,-0.3940916881797009,0.1476044352235458,-1.100414933395233,-0.24272201555938722,0.174644323374993,0.6111244184565185,-0.007444179253055329,87
0.0071029930976091995,0.4753138366920586,-0.3808640881847316,0.264039040382412,-1.3451619888595117,-0.200554272974335,-0.050784962214220165,0.8301580957396485,-0.12958514014272993,88
-0.2649830103044347,0.2813096947496163,-0.7505064606885847,0.4313964901045601,-0.816244275409966,0.012334075192686611,0.38450319738751454,0.37006845491475887,0.38283537291252884,89
-0.04666516354203347,-0.18727231115755727,-0.20899618749583765,0.3004585567935498,-0.6031583462283435,-0.17996911818691508,0.05482721828124571,0.8590224416123675,-0.08873345026391784,90
0.1429917191326467,0.20206856172974144,-0.02924259833743459,0.5492965865649058,-0.898385259776147,-0.43839471756606374,0.35374538182392207,0.49127355369969705,-0.014448900575147932,91
0.15617669856808716,0.19546008594351819,-0.2675508287883929,0.47823603675827203,-0.9353238202017977,-0.5351721553847926,0.2223343086128959,0.6320984064205388,0.1889995470702501,92
0.05563204117226028,0.6835965380281909,-0.1967174583153133,0.30995631649692645,-0.8779908145927082,-0.22617488886434606,0.15202619545917437,0.13200436758691808,0.10716223411961733,93
0.0011205688846142705,0.25203107472863706,-0.36290467719790415,0.6172005038640903,-0.9907647440813047,-0.3374161274397394,0.33243479573476786,0.5243361605798399,0.2779576619748102,94
-0.5178791720265773,0.17270116158835905,-0.46020600409481444,0.6193978739091891,-0.9226788741908286,0.040600522073498624,0.08937252465302106,0.8684623038284804,-0.11573480530250124,95
0.10631444609112035,-0.5376319800754932,-0.2239226530499392,0.0005267411078924318,0.2309056516663645,-0.06707249881093763,0.056232072627741304,0.4075046896433199,0.06379782689374909,96
0.18231727124820007,0.6305057695401773,-0.5787931882179588,0.14334002395857828,-1.1352697137484615,-0.21370539734380156,0.04967385639487079,0.48079538540072664,0.15323347827322928,97
0.08528231572664383,0.03503241203535141,-0.32008236821934477,0.12976186644613896,-0.363155999231063,-0.09362400189026289,0.3977409012966305,0.0307673680663972,0.2728158244581723,98
0.2710467794271538,-0.14154668782981997,-0.5785104563820563,0.11919589272839333,-0.7126229749452868,-0.07218548608790873,0.7004962094376808,0.20460856495564012,0.3940790880879973,99
-0.38627973442301705,0.5742094419976183,-0.10400015109497254,0.6180936840822133,-1.0490031383044416,-0.119573795386016,-0.14074860939329545,0.3832438875751207,-0.33132847760305933,100
-0.1926648967178261,-0.2665755779484014,-0.14262973671049672,0.5923271528497922,-0.714455128530032,-0.27873754379191434,0.22893317636009605,0.7686101592043191,-0.08420505247164416,101
-0.04980453761741215,0.29966537897223483,-0.1590617816113248,0.3483698389577235,-1.0562525335769601,-0.19898009203234718,0.16387824917362778,0.6166153318625327,-0.28605348608585757,102
-0.14956016320693377,0.32591808061284244,0.019454749744776036,0.42677678290825266,-0.7754994727746845,-0.2178910611040056,0.12522612880451894,0.348176083649203,-0.20040462766596626,103
0.17288335723034018,-0.11775395322880403,0.042391628585706505,0.2194691568807078,-0.8257764581421485,-0.2981377314360744,0.11564400213761315,0.8956899275460555,-0.4060155602001884,104
0.15843755277333912,0.5470829786585304,-0.15043999798038224,0.11628033358278446,-1.010645197728109,-0.2676692704530403,-0.025003529560626712,0.6161203294800689,-0.13141420587006042,105
0.09518240042006945,0.4859538631119279,-0.08705135106383638,0.4403556753536359,-1.145594676302603,-0.3764072426830895,0.0328607633005876,0.6908576515668834,-0.21254448043050314,106
0.0456653904497719,-0.08323865267894869,-0.28688957856342956,0.34733025310740834,-1.0673994365595476,-0.2484057580818779,0.2588409795291182,0.8935541276512653,-0.10771584651952643,107
-0.022105820180600002,-0.03415206477117736,-0.3929859721131772,0.20327149968125088,-0.7349102388661092,-0.0022371429441210853,0.36350841811958795,0.4801310052851903,-0.03895599887457655,108
-0.3068459126013578,-0.27992985464652026,-0.017354248594228,0.7413520468991946,-0.6889121391927568,-0.3926935303817285,0.3463962866102181,0.7835895808132468,-0.1924221606222709,109
-0.2960938203152598,0.1959672396093747,-0.7856561390839125,0.44536484971266194,-0.9432090166678683,0.12815008093255942,0.5785230746250584,0.25643458092198307,0.3696330477388453,110
0.034537852366748265,-0.5123394008782146,-0.15423720222032233,0.10720457055429307,-0.16397360570801084,-0.0688426369470033,0.2478904245034417,0.6143468781089391,-0.07351605826781292,111
-0.016098660288946253,-0.031592974739600585,-0.1604429357776179,0.4441975592273849,-1.0188572404541532,-0.2366641820081214,0.02287646215402027,1.004457495722845,-0.35410015359690367,112
0.017835447604699045,0.2665322407465704,-0.1642938061183029,0.3603381972745653,-1.1494251498762695,-0.2415000427241195,0.0703634247690258,0.7205814743617673,-0.3403308351376844,113
-0.19263752737065373,0.3790520188279024,-0.4236874439224807,0.35454959956760235,-0.9385151826395398,-0.02425668462272916,0.14922361772709197,0.5135333006418107,-0.10254943500604177,114
0.31260426677123543,0.6495735501879111,-0.309400029378426,0.25939024729179894,-1.401332119441086,-0.37206986663210206,-0.14349774014289662,0.6503717403763173,-0.07080012845175924,115
-0.07963984219843626,0.25619128851598877,-0.4051091888003314,0.3659541842179053,-0.6763844440634578,-0.04120560413968042,0.493325737906469,0.17532230022577266,0.13485165861233098,116
-0.19214470665483693,0.029718966018662956,-0.4990011981325673,0.5075432175619198,-1.2567363384351018,-0.19840646366251716,0.06402141621114138,1.2188869776873796,-0.07942908758739049,117
0.048118685000782396,0.19995685390391946,-0.5434864847761174,0.26474304867208837,-0.9176920039568452,-0.1286226942306924,0.32908261721228804,0.4700731192521704,0.14874412279908586,118
-0.024014767099625904,0.4667558653119955,-0.06366106140597697,0.5464836735049728,-0.8280475236440851,-0.25767608504367595,0.22368041540870598,0.28819732835804746,-0.05417539903609793,119
-0.10649987255819937,0.19934021692396886,-0.031017133145204406,0.5262905699780343,-1.2823343116439514,-0.3084437541620516,-0.00546169442766399,1.1755653697028883,-0.544518478074332,120
0.2521929301706438,-0.4559476480524352,-0.5118107321624366,0.24737470649108054,-0.8975629757362724,-0.204549107333446,0.38041900933889505,1.0199547437478051,0.18363867466486927,121
-0.3199179092823868,0.4455495997007106,-0.31959234463228864,0.44738758009584023,-0.9038723137434752,0.0024716729074098706,0.229618786057304,0.4321934207629546,-0.16952829521365964,122
0.042980206095038186,0.6353914491893603,-0.33349538938663803,0.3493015398953403,-1.495078926343134,-0.23715787666642846,-0.026262729741281646,0.947071759340958,-0.07367569451106121,123
-0.29393832407538056,0.014722167768161711,-0.44116594165751893,0.4689951868539394,-0.8366321381176062,-0.05359116693530539,0.10990850059093839,0.9380388280929692,-0.2038776652645218,124
0.19151592951228183,-0.5229753555460303,-0.13708944951897784,0.24033381119741737,-0.618358862753665,-0.2710550999173617,0.31170710861174084,0.8067589986504576,-0.11721485705476858,125
0.1586093794109472,0.5233221394522011,-0.37682927479492107,0.44474857036660387,-1.4573447281992526,-0.29093864254724483,0.23272723492857267,0.670722216993043,0.01169321602884157,126
0.24953905077353825,0.0824777388993344,-0.3720937615829952,-0.18964554446685114,-0.0868871782984688,-0.14161846186370244,-0.42293862917822006,0.35884693820459124,0.007887685472649298,127
0.25728774180118424,0.5016446478314882,-0.03215300514176038,0.59533172758282,-1.4258356702028676,-0.564063139600718,0.20447386600844586,0.7163472044426683,0.013730579713791592,128
0.18645137369586953,0.1496941950386862,-0.6150123687289483,0.12508345830545517,-0.9195930052322977,-0.14849022813369123,0.4655200655315884,0.4534778368016372,0.3383945245696867,129
-0.2349339944584921,0.09321781241278354,-0.5842822886804466,0.36104600859852354,-0.7919674595888333,-0.07559572087998176,-0.05303668431176447,0.9505961745449721,0.1000425152008047,130
-0.05906505358174097,0.47366727577490486,-0.6038560477111679,0.5135368682500023,-1.0307926511496888,-0.0041048771056356095,0.7966508953183971,-0.15211650478193708,0.5089752359609753,131
-0.20682448200827525,0.3446283374711249,0.0326747644738979,0.7315113877300183,-1.0042680238618589,-0.3024753198298893,0.1367186825034425,0.6731125749232055,-0.20494322405968748,132
-0.07673310555960093,-0.051768121847471975,-0.4256550076782888,0.28833587755046114,-0.7148496457132535,0.028028153169963835,0.5665755305303424,0.3785719751533724,0.07093994456700396,133
-0.07228473719651234,0.4014606526383239,-0.6182337462530909,0.19790489802382077,-0.9276790569743526,-0.03224525551278688,0.28662282768790404,0.42186991184237416,0.25584353338476795,134
-0.10751109014597689,0.05481275916160661,-0.6977426779491746,0.3571364514308831,-1.0964281604123045,-0.1299868862668283,0.08225630169274453,1.1187140892416656,0.10160186455548262,135
-0.08948716532308067,0.12789665525713342,0.04672093098618143,0.6902195086211537,-1.1223989845641942,-0.44306916061196044,0.059892210530905966,0.9280591404102853,-0.24115447139545917,136
0.05655680968115486,0.6047998444891798,-0.23948827931359587,0.458623923970181,-1.1917326341676082,-0.2734576661076486,0.007885851342030252,0.6413585321796292,-0.16126999930920957,137
-0.10449017085616144,0.7629829469128214,-0.3133943251974274,0.5252272352851116,-1.4749065427406505,-0.2225551970887907,-0.02164725762445084,0.6599847219976313,-0.11773984379409946,138
-0.3505094573846151,0.3506174486875033,-0.0029859896113342017,0.7140124628178269,-1.0472852011600697,-0.18953983823031093,-0.036648546189702376,0.9633889549688176,-0.3982113094728117,139
0.03496042673159853,-0.2014976244851116,-0.0993466109166444,0.24959237168943965,-0.21554424313766424,-0.16375788379333883,0.13841904812098607,0.44143471414513075,-0.05766914914834168,140
-0.15199063376561592,0.16210475995739612,-0.2934933840375194,0.5167486265221436,-0.9154867097003075,-0.20740331027756886,0.18108969661792745,0.6493912230458472,-0.058402110096078715,141
0.4475965521319593,-0.4072117531974857,-0.4497205127674947,-0.21044700953539847,0.035873089110013766,-0.1404327892968028,0.10912784376258439,0.2772329899946128,0.35239577168102454,142
0.04905518488471383,0.2988414479698617,-0.20632298476104055,0.41647373541875526,-1.2599360750283335,-0.32740050331892345,-0.058073427007430956,0.9864151340525784,-0.32427190355707797,143
-0.12941566505854138,-0.03267473537338081,-0.4272847678290018,0.38366200321445,-0.8881839158467414,-0.0847459441367293,0.40777650792466696,0.6386396814620868,0.029026764696078886,144
0.08531390861040014,-0.7137138640681119,-0.3392697413068616,-0.03339156612867748,-0.026712406105761477,-0.10435575602378631,0.14589479054492183,0.7181346111843886,-0.09258949647482428,145
0.19106088652303643,0.19236050264183288,-0.29071418035943103,0.25696896407930336,-1.0361671331714335,-0.31863388595985387,0.1145038135790191,0.8486564864603885,-0.056068875296057155,146
-0.0634756616575203,-0.4180693229102747,-0.3274827834049884,0.1263755213860918,-0.35651036510798084,-0.025157021114857087,0.0964064889154375,0.7595101155506588,-0.14754060820531137,147
-0.05767246737395509,0.5738046398809069,-0.37813062572883743,0.38343885169939124,-1.1756362824237696,-0.13487056686778853,0.01869377574654851,0.4483994657051906,-0.0628369317886372,148
0.1084327009084525,0.41775541510450837,-0.0900681047263833,0.261816244204328,-0.9685903465614389,-0.21082839579685522,0.23241258023315783,0.20195577436293724,-0.023699589485651373,149
-0.32775185487128944,-0.1933935442890124,-0.43028907735361127,0.739284769652768,-0.9136961134693544,-0.312514616373752,0.23985427688197156,0.9049974786722123,0.04754896481166204,150
0.07388324894431092,-0.38907998525010534,-0.4495812431649384,0.0529924523953788,-0.36583483044256493,-0.08691835515067863,0.3660549799654767,0.5415532142524028,0.058828502985207164,151
-0.15868233540612228,-0.13739649510523586,-0.3064677267098342,0.3254011960866967,-0.7624898406354793,-0.02905161904644162,0.36268088339829646,0.676433333943587,-0.2752781689075519,152
-0.1205086241683507,-0.6281553788350192,0.04725097265924407,0.3174675354584141,-0.6502681209473945,-0.11730721385175194,0.2874699199865906,1.2907890690668762,-0.5390482473472014,153
-0.062252100195519536,0.3850101721130104,-0.7278558248391307,0.39377374329396253,-1.322724392235449,-0.02439295986556218,0.5162204116906476,0.38029820967861777,0.3369319513962979,154
-0.35189917770175844,0.006594689879720856,-0.49683920585414076,0.5220719188695585,-1.0345652558859892,-0.05071605414805727,0.021620767461671905,1.1572501170296436,-0.11871244023273654,155
0.09163963593727406,0.359620385290737,-0.24122046248592097,0.1993743993243876,-0.8113608604845566,-0.12608823260526686,0.25135891083697176,0.27354485203022727,-0.02886449798555664,156
-0.12410682135882499,0.5673354836973477,-0.07326855956841394,0.627570159776857,-1.3371210582548563,-0.23120088682231094,-0.131218507092203,0.8879122878363005,-0.4453582572912123,157
0.012199943615257548,-0.7008365678249884,-0.1389015356698771,0.2875330835365962,-0.4738609266246908,-0.19563585334862765,0.29031909758068847,0.9402447698499283,-0.26952359055784414,158
0.24067345307398913,-0.31688303515413935,-0.33665120800488724,0.26081468905175825,-0.9589484962311259,-0.31314246339802904,0.30277180407791676,0.9988852152293551,-0.015536064582638181,159
0.3531853743316146,-0.36327794234080685,-0.35746661914769656,0.24321206589581312,-0.8430325471063428,-0.3195925059992305,0.33974074775768087,0.6834800445191074,0.20184232272544797,160
0.08045991023188315,-0.11318468743206168,-0.2637163464503109,0.3462458305403687,-0.9762006382436549,-0.2449612727763876,0.2453154994862629,0.9143212859267253,-0.187886671207328,161
-0.35059197084998944,-0.21145470448758374,-0.5076623537834448,0.3437613387642986,-0.5910662697430603,0.04776189846635411,-0.06182694006614226,1.0523234686837293,-0.09563982140679582,162
0.18720869943136306,-0.17445173233842806,-0.23847555845098645,0.13278540485414642,-0.4809159117874452,-0.11964971396042351,0.31757576901229007,0.3620304176688774,0.00993736321254507,163
0.19755760916148582,-0.2301635024976555,-0.024119009579478313,0.13067959214920186,-0.45324410785224023,-0.237503289539639,0.3900582303802591,0.4277948298316348,-0.031570847072131245,164
0.22629349816374625,0.3619664882213177,-0.311417410559547,0.2719176915325801,-1.380437225317729,-0.3725486555729278,-0.10351213818917282,0.9553120017768925,-0.2349273202977987,165
0.0026140805588077713,0.1279725336797689,-0.27430963774976946,0.5127095456622304,-1.0645681608005657,-0.3219358728329184,0.13054788331700085,0.9237509849717986,-0.1730315822975943,166
0.26958040143947465,0.48510723547470086,-0.5594906724293289,0.13852814784904402,-1.1156525603304002,-0.23630879581216818,0.05754758560348937,0.38812576729947923,0.18574559724442963,167
0.0980235898508095,0.6554798395834136,-0.233224991464107,0.4085647204743385,-1.5334938615955311,-0.3048493124632126,0.030127522480575087,0.667487781425139,-0.03012768079234572,168
-0.6225038558670926,0.3592190754104559,-0.760996255097323,0.6925703009794325,-0.9619534941592462,0.05703868635321376,0.08342144660954157,0.6663237716332093,0.26748122947524344,169
0.30032777089572466,0.34373402623641264,-0.3437385352464466,0.33454342003372173,-1.5467802536534607,-0.4324554130165777,0.0041456526410244224,1.1430843487628835,-0.017710194774392656,170
0.274574604061332,0.37375050823937045,-0.3384516288423205,0.20715979357200895,-1.264539853491318,-0.374741992582249,-0.00365248497388995,0.9576529874526958,-0.01715253264263007,171
0.08362590490889636,-0.08763322372830598,-0.3056330936652029,0.13478571115469976,-0.3285986054475006,-0.1523985671901324,0.16148487849814638,0.33379784169943977,0.15548220865314366,172
0.10746599651577991,-0.09027431859856255,-0.3123569059567958,0.21340211166337103,-0.8098396577087312,-0.18542984391280815,0.21592415826989383,0.8033969483914842,-0.024636283655923658,173
0.10426159581908859,0.6817757309276751,-0.10889888887976026,0.4025232900524481,-1.354313910752892,-0.38963258920809374,0.11912076032058419,0.657411104985206,-0.047498237126898095,174
-0.15520787535119165,-0.02631828397941052,-0.2588875338086428,0.40032910508116976,-0.8922944031247004,-0.11715096548555268,0.08783170186164146,0.7871851759095887,-0.21150525230264516,175
-0.20068251920583527,0.30146103527724927,-0.6447919758250105,0.5099270458099728,-1.3627286940352097,-0.05183662083648369,0.41702666783052605,0.6350364612312108,0.18547172662985945,176
0.3681943952272627,0.5985922155445573,-0.015828798891459467,0.2436095156316259,-0.867243759560365,-0.35408869368453366,0.03817455922155145,0.2394946937870324,0.009785680101516593,177
0.16003890259704573,0.07079182179891301,-0.5051563272935642,0.27561095141916137,-0.8968357057481536,-0.10710574247712581,0.4772179655494493,0.3206059488973001,0.2210041389040625,178
-0.2573406145689032,0.19761950798046138,0.08597585317718985,0.6234930933459255,-0.759270416962829,-0.2941031123404951,-0.04525768983492203,0.6969236057966559,-0.3940446070193617,179
0.13348183400475236,0.6255513761187806,-0.2216359823892281,0.0018901642498690293,-0.9613815062581621,-0.14411604461858754,-0.03435185315974744,0.4402505736473907,-0.16027539951038333,180
-0.04945461513947878,0.3138505660089562,-0.4929982220737429,0.709142847509878,-1.346102388922433,-0.2302172094540791,0.5368330297609212,0.6041616708515113,0.2459975826328065,181
-0.2807472527804614,0.5478781233045027,-0.15345726229112483,0.7301185861027994,-0.9628501061250946,-0.2044706086515508,0.04893468498941911,0.42982685462701314,-0.1343903232494312,182
0.22159377609014289,0.2587117460893624,-0.4699827112403685,0.08564876486550602,-1.158377626174224,-0.2583941990477489,0.1479609226986849,0.8563924618566628,0.012719993867645019,183
-0.1824638984880037,0.5218562500539462,-0.07477369931474957,0.6102034555643987,-1.042084153596591,-0.2230850421657579,0.0425152685281573,0.5036229862958799,-0.20107718029732116,184
-0.2933811792984718,0.3058400007380467,-0.5424832048745271,0.33948767911228067,-1.0517794727168341,-0.021858653603313537,0.09610899982618834,0.7956490075247071,-0.05854908087376959,185
-0.07867415931715259,0.28197467448975216,-0.45319627461695533,0.31215805889206527,-0.9332642971484688,-0.14848847899009832,0.13773694844131096,0.6429368692165862,0.02388094427269247,186
0.4259510102350027,0.12619519459839712,-0.25827051642426596,0.18361891543601883,-0.8266435907129014,-0.24744463742614184,0.3208876002448533,0.3054939290309411,0.146020043102671,187
0.39426067131890535,0.2255344382991338,-0.0838179738991629,0.12070663034868939,-1.1679542639751832,-0.3960931311250972,0.14880769393728813,0.7439323288654835,-0.12371322708409029,188
-0.2005869552297254,-0.18581242971656498,-0.45419783185232104,0.5824919760718177,-0.6652344810842914,-0.27579466745677145,0.19672217834481331,0.7354837048954592,0.16303667193428262,189
0.12058669096186311,0.21346535119902443,-0.17017467571408906,0.25510432083386997,-0.9749454195604935,-0.23088544782277118,-0.04556616086647575,0.8206749904192046,-0.23594818182752714,190
-0.3389906510324792,0.011200010508071049,-1.037820981376569,0.4357120013338996,-1.308909612606679,-0.038597322486981146,0.157829364222482,1.2468772509397559,0.3899478902552405,191
0.30641560659667244,0.28090892394528383,-0.48350093815317224,0.09491017122770494,-1.3698655919794038,-0.2839208802306316,0.1924002971054879,0.788532941340273,0.024740529172759776,192
-0.07148115295967802,-0.0069143747780421524,-0.3233013635060454,0.2337104684610267,-0.6878219340475332,-0.09244523746586683,0.05654073203967547,0.7618651117503736,-0.13807824612607403,193
0.2092645498509188,0.039674723860862196,-0.17135321174807436,0.32514005966382253,-0.823179657136876,-0.19361700626481865,0.3733352887238404,0.3695921541390958,0.03582783394777914,194
0.12710665234278368,0.7287428430991464,-0.46166982262192435,0.26438437512107416,-1.0946864998562633,-0.04776512989943162,0.4676333184933886,-0.003976656767608092,0.24519400450802978,195
0.23017170941634854,-0.19073663665684717,-0.3517778689102173,0.272824696700106,-0.9141378457220998,-0.20481670435098426,0.5112724770368225,0.5750861705508618,0.04596241916505692,196
0.29727616388643063,-0.13386816038424332,-0.3595549615819902,0.09548305241383573,-0.8325305569620226,-0.2595656562116928,0.3367237287199644,0.7438933986953605,-0.041503683817289055,197
-0.05282612348420466,0.016989296787179056,0.016845465331332878,0.5269109566507033,-1.0236665709415886,-0.37973178407614183,0.0949605789542011,1.0041024583823772,-0.2979487191852637,198
0.2196347906528102,0.5761342516460026,-0.16301630783092744,0.2739281530608763,-0.9742493978110319,-0.32685605836915077,0.15358105977563877,0.3379147257348332,0.05759771102837107,199
-0.03771381367635416,0.3886045958819978,-0.3069788675599968,0.35648374933966914,-0.8952117296741703,-0.14106188081847496,0.20120940957772607,0.45200376754888344,0.032213127841013274,200
0.3239596606854522,0.6158328950767946,-0.2840160874527671,0.10301798453957033,-1.0778265524324144,-0.31410916122426563,0.1421148008636076,0.3364951559516612,0.18798976873905865,201
0.15818868804610728,-0.3262646275550524,-0.37657089932012516,0.10473322992404722,-0.46753687621857676,-0.11869245564153953,0.09753431681834905,0.7022219916106471,0.07248078010662178,202
-0.7159014647195561,-0.07883153466008976,-0.678401292799957,0.7435117353234629,-1.039566822657473,0.22141894418658548,0.4876282329919028,0.8044777136638392,0.06171623774111976,203
0.19843265185613812,-0.048335942810445114,-0.3185922686485018,0.20640339789331869,-0.7937027153863639,-0.25615911636053995,0.1662266656649059,0.7385074819704027,-0.06614542368852572,204
0.17778330095086367,0.018631493910138942,-0.765283996833016,0.18597219649417102,-0.8021455468179087,-0.02605169920356295,0.712233808435881,0.21799027088554285,0.49212356547927244,205
-0.07816277534027491,-0.03717490777980789,-0.34747184298625716,0.47835287801378484,-0.8267346558889687,-0.1938635415858463,0.39970691834743216,0.7030969298363107,-0.020937787543894557,206
-0.06158657639060355,-0.44586750175731993,-0.537703660392382,0.16745246580522272,-0.5085090638516122,-0.05373315777884597,0.2283655985415499,0.9149530560413209,0.05471838373062633,207
0.004063959466391085,0.18244397958236838,-0.08507976307261347,0.4811199675806739,-1.441266161369346,-0.3861334292794674,0.024987491162053392,1.3052731038572505,-0.465623639391049,208
0.14323125957064428,-0.1777755765495722,-0.23008741299535462,0.23447914828395383,-0.5348879655650934,-0.2860809188052551,0.1456680344511037,0.7271272071004843,0.05971288060700249,209
0.24236263380965842,0.2825389303483464,-0.19150301920861934,0.2072743066755014,-1.2041222147735373,-0.32379001900922644,0.021119245375520974,0.8646627539900618,-0.20686386474960233,210
-0.1375385876807504,0.3914356114190561,-0.6601996591185694,0.4951261571721249,-1.0549872780462821,-0.12137237307853702,0.36125520661021265,0.4711457625127198,0.2950828312905461,211
-0.31342484953552896,-0.17492447106345263,-0.49717052677685186,0.4597612201055577,-1.0682477107549495,-0.06395220887110169,0.32497313056788446,1.094882466205528,-0.12732490485311126,212
-0.32024374082909635,-0.07487819863655089,-0.23795994761402525,0.45396630816180605,-0.856331237582214,-0.03683056074604168,0.09678001880379375,0.8231943321566736,-0.5171736598400601,213
-0.39739611159650995,0.07570802509132346,-0.7700430636161388,0.5514976611713427,-1.3721315604943856,0.018802089646513035,0.33777054110707033,0.9493147350970832,0.18984480011438581,214
-0.3198578336291723,-0.6123523672046103,-0.07189617768005434,0.6215875321190116,-0.7509300263579526,-0.3106224903609957,0.3360755888742054,1.167989590029299,-0.32651127505889443,215
0.12350763483643258,0.04245164636197367,-0.6465889862965823,0.2704697701038783,-0.8283063404526093,-0.04924256455781083,0.5497209711589301,0.21996399313979265,0.4159221667185057,216
-0.3007598905932517,0.006423684672965873,-0.6742563413734713,0.5006499424860607,-0.95346261101363,-0.0640505372079808,0.37753256229766524,0.7632330411983239,0.26789491758307893,217
0.03553153444034742,-0.004803454183358123,-0.4915452320477352,0.18956459437236367,-0.7996832827873724,-0.0067575578988708414,0.7328697979858765,0.27208909765341344,0.2055656617663969,218
-0.2655103774958324,0.19038812888951176,0.03276041519660389,0.6381254441031728,-1.0549793056263999,-0.18127560520078542,0.2523940872198345,0.6637929724231348,-0.5346456112341172,219
-0.02749241024166093,-0.18342750078964817,-0.46624295550160394,0.2637916358356916,-0.7474941327003456,-0.12048365883135913,0.41244724332893523,0.6584000867442753,0.014753937414756696,220
-0.13654056918986632,-0.21777493707116205,-0.3434922090375778,0.26857644732059544,-0.5106958301028875,0.016883286168034722,0.3087496931964877,0.5585044568916325,-0.1360746817730682,221
0.04149444900084731,0.7798274300015503,-0.42933326172583197,0.3821643888473191,-1.2413567483757255,-0.20199899975066618,-0.15856524406079775,0.398111490930441,-0.013081799717574713,222
0.018264718372983817,0.530337139118827,-0.20845131991135094,0.5221899158008851,-1.4948811203670245,-0.3364462183462742,-0.05923701405020872,0.8788989349865011,-0.3895525266043402,223
0.32076807677840025,0.25353355619561746,-0.13945170342345806,0.29453947817433307,-0.8649168371189991,-0.29710412829363686,0.1599537272734802,0.4470643587787393,0.0008836242509697065,224
0.2985920129459228,-0.3331367881701473,-0.060791096514663884,-0.05159465829639214,-0.16058826539817841,-0.17936344118353978,0.14069191797118796,0.43735238361051937,-0.08899806686215007,225
-0.1119048382553795,-0.11263412637339976,-0.11147034981472054,0.48566285768648276,-0.9472867487092017,-0.15074182668298503,0.541213179399415,0.6460353860012232,-0.1792211156554713,226
0.009573529875371783,0.09477717962280861,-0.6949404732920178,0.05865084201012428,-0.7498032359859362,-0.0043045686127746955,0.40734937656276893,0.3900985701258506,0.27570529612719075,227
0.11485097963833778,0.3914695148578346,-0.3879578135271691,0.33052361333095237,-1.211989544140751,-0.21879137176696262,0.16105351297403028,0.5593417641860111,-0.03967872472541321,228
-0.12196202734576252,-0.2967593049479938,-0.06245915168506744,0.4865290732445806,-0.6499159008951398,-0.17988595766827553,0.05748785369488532,0.9282332279656577,-0.16045800008355932,229
0.31934025506950947,0.1688693186564681,-0.2169226294079656,0.06407482726195397,-0.8688838865185438,-0.31640169607409635,-0.0945308194247639,0.6337890812283073,-0.02515402883170207,230
0.17056328757661512,0.39085361351715997,-0.4032838729617351,0.426364552396435,-1.3154932442222442,-0.34205011051916895,-0.045483532935683496,0.85689145172452,0.00738671139534838,231
-0.14305484309863892,-0.32959354940799956,-0.009820050464138872,0.45828034115571287,-0.8777438694715128,-0.1846547599649543,0.26971456798163596,1.0072797194567134,-0.47869845971459735,232
-0.2625566144828596,0.04572466235663007,-0.3352176056554945,0.33723364805008965,-0.7645774045494029,-0.028260276357294858,-0.02807507635310097,0.8492870633056936,-0.1542423290559444,233
-0.03745078154200783,-0.0989280655343404,-0.2391275659761548,0.46447056200243236,-1.3436661556185883,-0.23060926841972948,0.30568320409701044,1.0201195425297958,-0.2556944732135898,234
0.2401760276668015,0.4048060824569963,-0.590618151545878,0.22809609823051488,-1.1247061053879668,-0.20823905699322418,0.2507518160991915,0.4240196616863179,0.2547156123675807,235
-0.005282913519086475,0.2619907408861311,-0.25850040102351896,0.38174654756104826,-0.9374911607503078,-0.13040452971014457,0.32136916387142656,0.5185311934952934,-0.05127939579230494,236
0.23476585462241203,0.48142964026257373,-0.31540962637753217,0.2097155111497485,-1.223772124350291,-0.30529136421385467,0.047498554034698874,0.5564423129751798,-0.006399943283172789,237
-0.11627568095068115,0.33774860143300006,-0.6702416817163289,0.4372489936874915,-1.1181887547224272,-0.11553035281872132,0.2863597521808596,0.5662230663835911,0.3044062496714232,238
-0.490304074391952,0.20832363773497276,-0.5943187075173806,0.4677739146866473,-0.855786541809673,0.08072688523313504,0.11055789944552506,0.6635852637005681,0.005926785315267417,239
-0.4798545493718856,0.2936860866769313,-0.07555889214311605,0.672091695559818,-0.6941873755483605,-0.0802964303625631,0.07150018902478235,0.4812220100077,-0.38116595500232375,240
0.036489969451640986,-0.34661233461674285,-0.07254531663128651,0.31611772328655463,-0.7496167985108091,-0.28851095969002405,0.19954118209782018,1.0483277892557032,-0.26585027970503006,241
-0.22293254381181146,-0.06743956399586384,-0.4874736152747036,0.40268764498624504,-0.9132990284800483,-0.06061515893752583,0.33242958421172963,0.7655487446926563,0.022446068960255305,242
0.04698445176881283,0.20333146312535813,-0.12487809568794182,0.3773885869873411,-0.8765886136134009,-0.3160287124626174,0.1326157858437973,0.5039373885533939,-0.05042004830371526,243
0.21439770804084834,-0.11682492870266653,-0.39047531604382824,0.017474188950345068,-0.7022062359329453,-0.12109296120125165,0.33318033591988444,0.5144447368849853,0.023985017998791394,244
-0.09973393076529573,0.18481040158612766,-0.5483117586573453,0.39538938137920876,-0.9571818227139915,0.10180357779362503,0.8656949396986584,0.043355032569108984,0.26661463798629764,245
-0.048427409056413906,0.6748468491904697,-0.240221634295536,0.5175477745867046,-1.6117944313514707,-0.1688081248749071,0.17959209520777322,0.8050598457873916,-0.19717413280285603,246
0.17569793501844605,-0.09973335518222212,-0.6314667239770968,0.5010390535604237,-1.1676498102505806,-0.368750646621186,0.27405874745264186,0.8646617356525388,0.3166780095062549,247
0.25489536282986125,0.43707807329622766,-0.23534984718546978,0.2886315781791549,-1.1404784611393264,-0.2746440501233706,0.0369878564018669,0.5295077919838437,-0.017548944312003566,248
-0.054850732302400514,0.28474564640183386,-0.5241211476678546,0.3319272709030733,-1.1915146402629637,-0.011571202119321222,0.36588443667196546,0.6032246329395017,0.038857367602349396,249
-0.5165909637053481,-0.14641074440014065,-0.6618143422298259,0.5721071820110297,-0.5404036888135425,0.0034061951217490925,0.3368606537304241,0.49509264932826613,0.17976967674831756,250
0.027369668241241974,-0.08413621586555477,-0.022168286639216266,0.5210296468799608,-1.0148487574249636,-0.3793805909228646,0.2596927609229191,0.9716837806639679,-0.38056634555426605,251
-0.004474042925521991,0.42576200166201816,-0.303739539107644,0.5878894635092244,-1.2827235168646658,-0.36243017876282413,-0.05544054008635454,0.9761372647369276,-0.16170911457958376,252
0.16813735264914875,0.3588104583139555,-0.3580287911222983,0.3123059836088865,-1.2046579864871407,-0.23429340173241986,0.12985194278390402,0.6999983349614984,-0.06842996036232393,253
-0.16100957735972363,0.5261160770527692,0.09402402154879584,0.7825737444650963,-1.2907083805070283,-0.37590960908964394,-0.07158054457269625,1.0629021835417407,-0.47539066767794663,254
-0.06909406256133374,0.09714357646638934,-0.29701381226702206,0.31057970333171775,-0.7155871220287422,-0.04534980728465458,0.22150210530191833,0.4498827529452493,-0.028844187663617217,255
0.19036598636559543,0.7345988638788806,-0.3256262405539974,0.23267924247614255,-1.2704976883788757,-0.22439724747419537,0.3100947484063968,0.40060445784615506,0.1074220792887085,256
-0.24809952690892295,0.19220136564074392,-0.07425968819653637,0.6395739461812016,-1.165706327840797,-0.2858420760603396,-0.04238505399524024,0.8804977349156667,-0.4611284781767574,257
-0.424760843674314,0.07286104404922157,-0.7174763009914982,0.36765529887449216,-0.9140908523555769,0.08521839754035514,0.23722435631126276,0.7532407968361602,0.11889843539434203,258
0.28528366047615067,0.35732843381629803,-0.6800670807710084,0.21444285113160588,-1.2137324134511458,-0.12885835227968961,0.637825499618731,0.1878498868174861,0.44295820934664354,259
-0.0005156263556026231,0.3059536851735046,-0.23571092425792067,0.33467414750202373,-1.207186614595096,-0.2028565710505083,0.09531858029278585,0.45211102319565,-0.24049859882889296,260
-0.060252357007773046,0.59616608605704,-0.11111759423944509,0.38998014863286673,-1.0249432087291357,-0.2086705759294889,-0.03469737159946785,0.5569630794809569,-0.2530935366090166,261
-0.08486564088952328,-0.027733178090037735,-0.04330043763186115,0.6242332643213613,-1.2496157144361157,-0.22909855006682506,0.5205957079640896,0.8493129219102987,-0.23822051527688662,262
-0.048015208794310586,0.18131935830497792,0.13371773552261085,0.3959551455683071,-1.2111243316049445,-0.16631767429445454,0.24169293775479248,0.8187142234707409,-0.49027943747483266,263
0.3885755387517513,-0.1596226423206144,-0.3829726104634698,-0.043062065373891185,-0.471540389564938,-0.3047330122998847,-0.13123599189050614,0.7190958993208697,0.048076224605187304,264
-0.10966552788467511,0.662761886045035,-0.136800816417395,0.4508270965090409,-1.3941410669224692,-0.19097881208538228,-0.1404068112412056,0.8216614723942886,-0.33529259879988504,265
0.2683262198372379,0.3085483650163368,-0.20804157911009416,0.22641804970554066,-1.1883105311933428,-0.38049918702725083,0.10039815808255437,0.8545950540218,-0.13974553415206267,266
0.09967166423110402,-0.0649057736701806,-0.2650745572521568,0.18878011187949287,-0.4409905964967357,-0.14101048472615874,-0.05416607106599759,0.5830711072474172,0.07178996377632324,267
-0.14302616709271537,0.4303032898027424,-0.1983879936169224,0.6038576585082172,-1.25426043032244,-0.18399687391442143,0.15594619879733215,0.6135565156355989,-0.31279498563967095,268
0.19417129697784266,0.06856973749902136,-0.199990567092314,0.320917816602934,-0.9601663997183567,-0.19871459659582477,0.3853340430697568,0.5871649290424453,0.017215234174950803,269
0.2830452176251841,0.635962561305264,-0.31104588624832885,0.3697985066955166,-1.1108015403794376,-0.23601607892183316,0.4077653068076436,0.16105075381783943,0.2610994749215798,270
-0.2083575069223378,0.19335439723660175,-0.6996792642963143,0.5503664467660961,-1.1728073665485284,-0.13070990416825493,0.393101103525568,0.6946221085102994,0.2531616111517883,271
-0.28008071868013706,0.34414327720191223,-0.2664651328391411,0.6428265678704709,-0.9633940635141869,-0.18692844823298754,0.13597529717217374,0.6670164653709606,-0.006107442410179358,272
0.05447270517484348,-0.14599965563835504,-0.41734687379231233,0.12274255740146948,-0.8148906214148661,-0.16746536054128386,0.2110177970294576,0.8457486618463653,-0.16507134774841567,273
-0.1669503956483422,-0.26625825731122815,-0.34195233775670947,0.17912681924822582,-0.4260488681796911,-0.004692907988609142,-0.004887585890753123,0.8122378392385569,-0.18315001472185302,274
-0.3618353139983788,0.08175139990251706,-0.4488549640236378,0.5001670467564495,-1.1665714690996765,-0.05225769025989045,0.20826797134250277,1.0724522292233558,-0.16047919104843067,275
-0.12888792047208178,0.4559299288717256,-0.3504799693202819,0.5001368536232992,-0.9441829868316836,-0.13339907145245034,0.23093475154093038,0.46813670771965943,0.014267498658045151,276
-0.345641982748953,-0.09388875153964035,-0.6345879706825621,0.40575963685832067,-0.9055837013688401,0.07507655235378398,0.3632101666569551,0.7959123700264072,-0.12481560804704611,277
0.12507811088532977,-0.5811737044802384,-0.6971365873360232,0.1998803980479736,-0.3821270472817154,-0.19705823193126293,-0.0376685743897436,1.034949321849738,0.3699883880018726,278
0.04246991092441639,-0.1616717062274794,-0.024182274656956857,0.23444273259123802,-0.6920819769304414,-0.20017172364443292,0.1943534517976008,0.7587758637628063,-0.37387757991661885,279
-0.1426315727779746,-0.25107635482848834,-0.2448407814523757,0.4090056392223255,-0.7331476288066395,-0.21297452166910133,0.12322840716563958,0.9759471901556775,-0.1489473574860103,280
-0.4271009670701731,0.050320486540758456,-0.6276557064288254,0.5296008450844897,-0.806167466204199,0.06962085976494696,0.32995598289472566,0.5994792861369445,0.10957143207285101,281
-0.07317780378148545,-0.4152080870058042,-0.38377053261307,0.32588643425813896,-0.963489420897095,-0.21955601220870952,0.25598890903695803,1.2034144662865323,-0.2380359628832676,282
0.3753498435061889,0.023276503018198547,-0.4018385716417714,0.15170728671688383,-0.7525009856166068,-0.2650206286690636,0.2152170514106193,0.48369556289488214,0.17720793055690343,283
-0.4072833340439626,-0.17102279835821088,-0.7318437424522137,0.39898540623584317,-0.8282558297480217,0.03306778008433121,0.2118524930276551,0.9725855437740616,0.07232387342649103,284
0.042199196275523966,-0.41531874704954097,-0.21726694075290331,0.15473057192004294,-0.6678675705420012,-0.16885960265197195,0.24686669908732894,0.9680472516196852,-0.26086106173055834,285
-0.05398179322877809,0.0494480867248319,-0.5451195483547234,0.44810498749722594,-0.9986348156111622,-0.017012404498368213,0.6810949970776794,0.3197347859448975,0.26941437377545135,286
-0.06228586757707623,0.3891551724153732,0.08217586154915522,0.5368104131888048,-1.39991352190027,-0.3461346926197343,-0.15557594352787454,1.2033345924155356,-0.568434159763476,287
0.2541302573353599,0.5803220772857784,-0.27588583805059363,0.4177632513656269,-1.3582151472143487,-0.3791357653625732,0.0495810084052961,0.7307676906970474,-0.12524738703364172,288
0.03066123490753645,-0.07501736608024494,-0.4710918652950833,0.4354009524983057,-1.1194851202798797,-0.12170685258512408,0.5516675732687834,0.47857228695722537,0.13505138377471262,289
-0.5869036535869916,-0.0016906897420303042,-0.3096819684677957,0.45826127145190565,-0.9495035831226499,0.1309383875242789,0.07784198184882492,1.0228458337121114,-0.4334236992201975,290
-0.08106297202251561,0.14951358999287973,-0.5341084521590855,0.2936785018246014,-1.0213180419442611,-0.11647905421290516,0.23417024241326942,0.6786107226189866,0.055111241519568144,291
-0.1667122384807774,-0.050501125542762274,-0.12038377936890848,0.19664836367696253,-0.5542506210422216,-0.00308021821626671,0.056536037727878456,0.7093561995879173,-0.4081956914195376,292
0.08681958656128413,0.4698422724011491,-0.23484889979876195,0.4599077463136487,-1.3990435895495008,-0.3516320741433107,-0.02600649088695356,0.956291706977317,-0.1195320111161633,293
-0.7278430932210093,0.2640580158020979,-0.6740772898941186,0.7067656437084873,-0.3474896838781739,0.036421070969541364,0.30393045496330856,-0.009547795517776328,0.40531611031401904,294
-0.4223813811912769,0.360739730086998,-0.6889933440427191,0.391337163942407,-1.0070851571036183,0.0877093122650005,0.15232434230311329,0.6639297563691777,0.05051898113511338,295
0.007678421538307066,0.2184610867541504,-0.22635519677894758,0.28905867046912476,-1.0124732608804214,-0.20477604136738262,0.11019407226921334,0.7817999352305779,-0.31240159078049934,296
-0.266565627159809,-0.22431341870960742,-0.630799218629435,0.46515837457426734,-1.1209709159656422,0.03782840101293569,0.6155237525800304,0.7237058260011026,0.11499426134395349,297
0.2347332939324798,-0.6540191145889677,-0.23968588385128223,0.06804528587155964,-0.06988532552463785,-0.09489919113030423,0.32326681204070146,0.44812862483592486,0.1515442492309671,298
-0.36428714784635513,-0.1103991478486284,-0.5329421595788564,0.4365442066415427,-1.0455793356977376,-0.0025019761691321167,0.10730940969505594,1.108477268000814,-0.15866808472856794,299
-0.15498409285814155,0.4532421557782996,-0.3579805866674504,0.40475068205363235,-1.159859138783706,-0.14324201159172242,-0.017586051125752743,0.7947532089747021,-0.17943327937066778,300
-0.020886861038321103,-0.21978550801763092,-0.32982098288155787,0.17338871924380037,-0.7365870160145838,-0.11197895879924255,0.16131517052480118,0.9003799693602887,-0.18059469050745355,301
0.008396018787141248,-0.5140632473001592,-0.8022885238384286,-0.1129572007874988,0.10028457641815114,0.1480057425218644,0.28157940962837247,0.2401362187361912,0.49301137582176613,302
0.101000286939303,0.5196131980606508,-0.2899671416398304,0.5623723931648399,-1.2577967198336781,-0.31251823714018995,0.00942211162555972,0.562752780256094,0.01551776675999829,303
0.16782947112800162,0.07305585718453252,-0.4407240388401547,0.3037083842671684,-0.9661211213683493,-0.08396698382905965,0.6878934428929065,0.19761648556795103,0.2135219794405285,304
-0.11205097031730117,-0.019642993811367315,-0.14627950067555887,0.36053319846605086,-0.8182744349841943,-0.16427332763940306,0.025329213710337757,0.9606766783233633,-0.29186960450274213,305
0.2364764296490315,-0.012183535984187878,-0.1442947863550696,0.4214472814084191,-1.3221429242714442,-0.4526598306856079,0.08164126069127008,0.9970471054217006,-0.2608042539548759,306
-8.96751504918728e-05,0.5634593636338108,-0.18564619816724068,0.36773697803986477,-1.1875282074500466,-0.23533065260593614,0.027661305795904007,0.7323309808652964,-0.23294645494208466,307
-0.3622917694616276,0.22995317325317127,-0.6593581688119841,0.2472961849795848,-0.8662453569957163,0.16881966987718378,0.3156654982684918,0.5633142088634746,0.14939748003903278,308
0.023062688673191712,0.15638148343454158,-0.23652463724467832,0.3949552057254057,-0.9149902383094772,-0.3287769027421904,0.13865996824064653,0.7468823816682585,-0.11565947592514247,309
-0.019174232472518076,0.60534269680685,-0.4796597113426628,0.27382942277772687,-1.1222470989803455,-0.1470277687128689,0.10982496148545294,0.29195155232967973,0.11836133843430616,310
0.018791070622985538,0.12433311853347105,-0.5067513582013368,0.342373479811191,-1.142883894400135,-0.086873420333689,0.611136378554356,0.5825116784606353,0.14237892106235178,311
0.1466950862784325,0.36237189766143085,0.06724720713080606,0.1837472396665997,-0.7734621945320437,-0.23682168226965952,-0.07271955453289136,0.4306264726865765,-0.2757718644054428,312
0.1259560344308304,-0.16660896137106582,0.06296233110360439,0.13781166461025146,-0.57334707192778,-0.17889530131382206,-0.06538780332712575,0.9402667142474221,-0.4250378543618026,313
0.19980796959316247,0.11218804790190029,-0.610038694236906,0.3732257552424715,-1.251246635999122,-0.18456262531968726,0.5444332535505302,0.5576616669411194,0.2677358716580844,314
-0.08815699691318007,-0.00028403938994207796,-0.5597893918821135,0.5939791436505976,-1.37997303513756,-0.22199606214396295,0.32000428758048477,1.0272248097007064,0.09862258169826155,315
-0.5261916610999241,-0.2512955024744972,-0.3213830701049061,0.742580786358646,-0.6965507643850076,-0.20281291150260616,-0.014115689028602305,1.0289267658895267,-0.2281320459506625,316
-0.17342885827084634,-0.24724101547729252,-0.28723847447147743,0.3498236735051619,-0.8613111502207494,-0.10840694532332615,0.1263354431483106,1.0953350602045628,-0.22629585397144128,317
0.0597377548389449,-0.030871362405637964,-0.30794835604877335,0.44314877826250715,-1.165565829083512,-0.17130490911396404,0.40345430635023727,0.6608258927429872,-0.09800288259089374,318
-0.058766642723003144,-0.017826959189708034,-0.3747522801941518,0.25110480386341727,-0.6215060871637733,0.02423130952444031,0.38510205492924815,0.27687467737623045,0.02611754248235082,319
-0.053015513915744494,0.17524927152292005,-0.4034632347279685,0.505027444182265,-1.073645159942852,-0.2101274400203647,0.1657587990243931,0.6834303976183848,0.042648359477556144,320
0.0015776365014493355,0.08309101473072547,-0.6667179446415866,0.42432420177134467,-1.0187776114430325,-0.20678798610128152,0.34169255958627953,0.7875693739848191,0.3512018396810209,321
0.2047595489892814,0.2813850119480632,-0.09652232604898835,0.29465840125058457,-1.211100684578065,-0.3904787898603823,0.05618345989410803,0.7792305765499553,-0.17964761358316494,322
-0.4273576808350857,-0.322998933501323,-0.3259493010527379,0.5207363510012089,-0.6173613300141402,-0.1153550868992326,0.45297152067705126,0.6927961219075657,-0.11537269602645402,323
-0.3318601411750564,0.15680311435749186,-0.19720112143604615,0.4689622061816535,-0.7596770366731909,-0.043820496087676165,0.17623685036381956,0.6254144695358967,-0.2631004786048676,324
0.12306011639461706,0.7034319681837218,-0.37713869237973985,0.27819246981922485,-1.1452839477159178,-0.2263666686447103,0.2084815309656583,0.25067574038449114,0.24164686508925118,325
0.12541514687441235,0.5247667475367711,-0.03292951550198925,0.4284184695199979,-1.0950908723724098,-0.42580658142710676,-0.16273783760765337,0.7710668563565953,-0.2337668356435552,326
0.012532917864175451,-0.3126381601942541,-0.4719614944399988,0.022321421899124116,-0.20769250507912593,0.0020644084707552197,0.22339707985096885,0.44502856960837395,0.14462936663889323,327
-0.2931614154784172,0.02600423306718673,-0.2253740516990134,0.4473643035632043,-0.9246076889110815,-0.06380475343636953,0.19580981803454459,0.7868564717757354,-0.33288710760903634,328
-0.048992625955526385,-0.27639697530491847,-0.6552318211879208,0.36535390862280714,-0.7520435455851996,0.06942275172925569,1.0053348791219143,0.04601171091913335,0.3913016409597761,329
0.05560967444166025,0.6305277778871541,0.06103093673868937,0.4623436118229808,-0.9939382264907506,-0.27462658204878115,0.027688702472595354,0.48760354032909287,-0.22738567652012118,330
-0.18083876654619332,0.18858281839142757,-0.38542423989642755,0.29375994690718615,-0.8692259082809315,-0.03604246919093317,0.11743893843417633,0.6741083264041211,-0.041557222357579686,331
-0.39846772122607715,0.010542220889323847,-0.5508990260965494,0.5842475687357903,-0.9925747536667276,-0.07591507844341533,0.03640349950127888,1.0986792661928557,-0.11574021380494356,332
0.03568481705400126,0.26525303700973063,-0.6692516179045597,0.046589263037387744,-0.6852092287251886,-0.04487473492945038,0.1533850369578642,0.4270455690059232,0.20219264032154596,333
-0.02654889413319135,-0.027413227362901377,-0.23137853081868592,0.532810060070911,-1.1387774043497028,-0.1761819762327402,0.5253200003978037,0.6555939142799428,-0.10969540065076594,334
-0.3703193869595526,0.3240110712828479,-0.6443329121637418,0.5871556598652111,-1.2576435598623896,-0.0641395074543562,0.10778686085307426,0.9323573337931587,0.13867963050890672,335
0.21376904468654828,0.4727164156776826,-0.5458020064646647,0.32931793647182395,-1.4904580131752634,-0.25284559964953246,0.09660123487125684,0.6336103540683165,0.09187962633813306,336
-0.027344637283613162,-0.15052086354294225,-0.31783530078197736,0.5327223635192927,-1.2025907946134768,-0.27050920646082055,0.1663490166920568,0.9961663484233229,-0.24796728265166773,337
0.25200572688699036,-0.3870209753881226,-0.48583945878332174,-0.0031454334008217434,-0.46197226048632556,-0.10674917344953021,0.4885022300881663,0.3916495511853613,0.1587820513709076,338
0.22542154151735389,0.23116178402803023,-0.2701114551061051,0.06132154849587716,-0.988420643845308,-0.22788417246341233,0.11312477769540247,0.6409658129822705,-0.14902791752464659,339
0.0004734043485564889,-0.017234322316385286,-0.6210076774452444,0.16477836242989438,-0.7506012843449076,0.04874073752553294,0.5680573312491769,0.33719602087615086,0.19663930791177625,340
-0.19418805086869487,0.14182063255702362,0.06721967292901505,0.6332084679549195,-0.9961806746256243,-0.2837358500819574,0.16688613846174,0.8523835445305286,-0.33126100896788857,341
-0.1657629398193655,0.18647888467622004,-0.5122099145477316,0.2740937687877559,-0.9284732483322461,0.07982047834217279,0.4696677341929237,0.3381440622422608,0.019810077853001613,342
0.09160033919329884,-0.1415848019216603,-0.3227430117447292,0.38388083299736225,-1.102464398126204,-0.18171207312651627,0.5176203559492994,0.6021015626304959,-0.00653159640390485,343
-0.21547207085868833,-0.08758504558883401,-0.196106766084489,0.3306321060817357,-0.6619113931910318,-0.030730834119601112,0.06600653423060099,0.797204993077404,-0.3974393531831766,344
-0.09030325689168825,-0.23963731679300854,0.10570898606051948,0.1778749191745664,-0.2997635502352206,-0.034442829676114645,-0.0261635027850577,0.7332820813113826,-0.5979256995901375,345
-0.3222265274022772,0.4707717811804509,-0.4727340725527595,0.4041422622566753,-1.034637128940924,-0.011011545610991644,0.10890383263592449,0.6227015871065505,-0.00782991623368328,346
0.06499176762326743,0.46002945583125826,-0.01844653774828637,0.44251044982947224,-1.1992700516443113,-0.3473116353465079,0.059647849524949954,0.5464173262408274,-0.22422179965263095,347
0.27413562354285187,0.2960464124635549,-0.21863475441565147,0.3567435353248511,-1.0764406700428861,-0.41218688888871424,0.14276644278962683,0.7054279604714891,-0.10514106750338216,348
-0.2857596046784588,0.013733299108279558,-0.43053943596637595,0.5176797954841895,-1.2750560749863118,0.02909990562036018,0.4488708077905656,0.8033350096188228,-0.03800925744273221,349
-0.3093650267923428,-0.333544315152362,-0.16004347532982632,0.397548675165081,-0.38326842620030793,-0.07352359464980632,0.5105794571212071,0.49088309957817367,-0.20010323257318952,350
-0.2624633844176465,-0.09426377655617063,-0.787315687207537,0.31048975303606446,-0.7913190219068421,0.03971925102077031,0.36210592188074237,0.694747596006512,0.3152469811534491,351
-0.6457651014680703,-0.03569875597935982,-0.5144859180807638,0.7753912678916555,-0.7269518524120849,-0.022121446307372145,0.18250505288901628,0.8086412688954938,-0.12248874866287547,352
0.40504827777903557,-0.4642868221177767,-0.6387458673828413,-0.10465294887820703,-0.2685477433591485,-0.19037664400664694,0.24012694738799942,0.5542533808125286,0.4244277267829046,353
-0.37042750603550517,-0.19583396010138354,-0.002608517091771698,0.5433413926991958,-0.5881049957980787,-0.21377736560964714,0.20411668579096132,0.7217809238875729,-0.3314585985420456,354
-0.44447077934701495,0.17476297054011072,-0.6165578391996449,0.587100610724072,-1.0013666578796256,-0.009908585270476155,0.22277758842908837,0.7839448002634731,0.07430467686504363,355
0.2538020946664467,-0.45618998052061777,0.11043901898975524,0.3423039744688644,-0.728678463889437,-0.3162891394870716,0.37066680971175575,0.9557377912740691,-0.3767034899270276,356
-0.49522017629429266,0.38818572742820073,-0.489616030330769,0.44733887727749666,-0.8145203287140667,0.09537592115374982,-0.003642142442273738,0.6480179688604003,-0.10189768611025321,357
-0.947581839179417,-0.17284696925409143,-0.43993432699459606,0.9025596847513145,-0.7634339314667296,0.04410728930047988,0.23324875008001458,0.9146409113479589,-0.1512329031218748,358
0.10366048483361369,-0.07157643886896572,-0.5379009626070355,0.36204841108054,-1.0351599595890106,-0.17314980524369958,0.34622831222018813,0.7841784836862582,0.07695685325953823,359
0.34353047060601744,-0.41849515614220345,-0.48007489533424313,0.15643583162601984,-0.628978239063517,-0.2845582777835694,0.24534377190741835,0.8596185669065413,0.20151954862185753,360
0.340457984159805,0.45175593485847576,-0.45104915754614455,0.20763439990609314,-1.0752187209285964,-0.2784605867885622,0.061016236938008395,0.4924433121478227,0.18389369071987674,361
-0.1939777768260497,0.5757093723856647,-0.21508849911761777,0.5752551252604775,-1.323777723466381,-0.16173160379402604,-0.0896171536735371,0.9453239380597903,-0.3751927937823192,362
-0.2583534284889251,-0.15181141123042635,-0.8336765975248779,0.25775060456376253,-0.7470555590919368,0.05238862483795625,0.3348803080093417,0.7507804252697674,0.3124020775730347,363
-0.025010487415693804,0.2926711370119157,-0.1156075466722309,0.600432487927078,-1.3858898308466585,-0.4051781918656747,-0.03134083105805462,1.1314547800181067,-0.2995916036283213,364
0.24897092860064282,-0.14016407122946836,-0.18305570310849917,0.2962577770601002,-0.9949365774687672,-0.4007784519025928,0.020837399572830442,0.9575057823776546,-0.2004095090215756,365
-0.2983390920525281,0.35384154867674056,0.07971880504170395,0.6978218856591701,-0.9320556064121561,-0.28044177754428323,0.05098835721944294,0.5749175048340485,-0.3507164483557043,366
0.091552409037721,-0.23529128794114354,-0.1911136148057688,0.220221818118731,-0.7385616363367732,-0.15819964702813297,0.24995128687881307,0.7896392360913428,-0.20829046854256464,367
0.09805990293956596,-0.2878895363572281,-0.5098595959602372,0.39323663574948864,-1.0547930320568086,-0.1564530621252494,0.6018899296903124,0.7857154647571404,0.08244151093745905,368
0.16859325776170725,-0.12650588002474644,-0.17124816084169023,0.038767546765034716,-0.34817177328964466,-0.11233810159007153,0.3228110310364252,0.2099791415004674,0.05121019622132607,369
-0.16372579479785063,0.1408383638506704,-0.44204923937479745,0.4729309601001736,-1.1054650983701357,-0.14820934894062968,0.22134538820468347,0.9516418088814317,-0.040370171873337364,370
-0.23897015754490208,-0.011490000023579566,-0.39202481964029506,0.36258190544439384,-0.6840871698283897,0.006901800501486704,0.3703589932994719,0.5665097183219432,0.06484621694217753,371
-0.2853293522041638,0.004839738059964982,-0.028289810836678222,0.6153595783969085,-1.0050325681065275,-0.10764632708678515,0.3940089469555828,0.8094146269589122,-0.38298665019118266,372
-0.47905033376741074,-0.2957561853371862,-0.8203820152240396,0.6885974555636222,-1.0634013913995868,-0.11076563887705579,0.175429803144946,1.4347170319932874,0.21405437725978874,373
-0.32521905460144596,0.1796033291747914,-0.5407270708363556,0.501258917994281,-1.3443113250403946,0.013161026066078458,0.28273534581697907,0.8706173767251989,-0.057015868533063806,374
0.034800159710875044,0.5260866864909375,-0.01446635482874622,0.36642762710343685,-1.1654765172610464,-0.3076547262986624,-0.16143101733037155,0.8147506633317864,-0.32953593371950735,375
-0.15565417281869132,-0.17825895481779344,-0.4655891502058361,0.4409330267301229,-0.6747020553218286,-0.2391639839548995,0.43179940095059305,0.5334959595360976,0.23741979120964707,376
-0.08938183152467236,-0.45954513278962855,-0.23976670456819427,0.35583816850227906,-0.7289492785733016,-0.1922958296988929,0.09399345937967249,1.1016530645796152,-0.2893736318701799,377
-0.20039063428787213,-0.05937050564530845,-0.46317561298911225,0.5129328112786249,-1.105545803111048,-0.1791221027208033,0.20899054412819296,0.910895214770549,-0.005260788239594167,378
-0.02579039963343475,0.6576313533385248,-0.3865297299132021,0.45351567088847716,-1.436537474724874,-0.24863303698784545,-0.12750777168055302,0.7439095470726408,-0.07552605688847672,379
0.3102327521710553,0.5272271250266346,-0.2109717819389144,0.2511789797189775,-1.2336534620864337,-0.37688701123114543,0.021378554616896802,0.6904157712581025,-0.05592902315442537,380
0.027891859407919176,0.4259468814964087,-0.3889786724727662,0.2682266495779458,-1.313205480641781,-0.23723106156790003,0.02528811020858563,0.7023222601178412,-0.13214088881552527,381
0.11800084149424461,0.4638278363995542,-0.19980819690221144,0.2050976623046845,-1.224664557240601,-0.3805108062732835,-0.469301992979912,1.2084065879521109,-0.302651263929832,382
0.00014498125180399023,0.051655743995096357,-0.24643965691857012,0.17860640445663825,-0.6040916017043564,-0.10349137813659029,0.0829030272101656,0.5632201785855007,-0.07026063392121992,383
-0.0898593287328102,0.6788334712034444,-0.2685116015418095,0.4171321892945395,-1.231676521566648,-0.09094787304143523,0.19377303367747284,0.4157767830435133,-0.13035063754623688,384
0.08218054164154188,0.6398357281618678,-0.31581380604194215,0.3450129697590386,-1.3073532008551974,-0.2568788680029347,-0.03352116162513747,0.6703349332554688,-0.09255071514886472,385
0.038627932002133034,0.5362845329140005,-0.3482939694920305,0.4840205678631968,-1.1754365974975765,-0.30172104098784097,-0.019118057755535402,0.7050132099432018,-0.17803091445883387,386
-0.22849682718406178,-0.044789648032748694,-0.6525940472258072,0.5386576309379607,-1.058776518350038,-0.19594839309795575,0.08256637660522288,1.0087445442423677,0.25229834972983645,387
0.05938198618384885,0.3164221875154587,-0.14031922139326486,0.3984706032514914,-1.48059420488256,-0.3353729202876297,-0.03616517615730494,1.1905512340272926,-0.31839226345847316,388
-0.01650461435061244,0.3474911154291885,0.08908538076302135,0.5022445724982616,-1.1764942281833919,-0.3869464647002726,-0.04292906702200658,1.193017290355728,-0.4679770275338134,389
0.08747921146547763,0.10526694817895116,-0.32779196681146927,0.15995885340071833,-0.5687286031633271,-0.035986083059669584,0.29999718919854523,0.23543240683641514,0.10765375468961148,390
0.11003274941505618,0.43237366662732485,-0.1556423831026737,0.5973622547981225,-1.3806637654491816,-0.4378428867908357,0.02654778731975374,0.979999443704566,-0.2324312531431869,391
0.09065325675277561,-0.27822869864912186,-0.429010663707462,0.08026308887249987,-0.3215988415312432,-0.07799614287646703,0.3078287161171326,0.44660664307867787,0.2043689418945822,392
0.0013333022932055258,0.7180902383496518,-0.4041122569136949,0.21195866549339915,-1.0713001113342806,-0.07499117944625872,0.21365245312291217,0.21947848117512994,0.09927515997785226,393
0.016518811025971906,0.45061819886395477,-0.29516237709460647,0.24507790077221597,-1.3898079391514533,-0.2540172927821858,-0.003251317494964955,0.9848950594021756,-0.3174938167008536,394
-0.07425967383457302,0.2596099028728177,-0.19399478470076195,0.38049391976323,-0.8731958876913883,-0.023734927782157515,0.3411397762995113,0.3351866424695722,-0.13785956290975696,395
0.14881701480118006,-0.05457935795802822,0.13573267830634908,0.19744786622976562,-0.49305331196538515,-0.1875897868263189,0.22603728056902575,0.43787739810662757,-0.23612541621749877,396
-0.12178060815091966,0.289829132735295,-0.6756160617127916,0.44496287732912565,-1.2330233950782181,-0.07618288192726427,0.49401773591834236,0.4764457907317891,0.3753638223706953,397
0.3408938382404767,-0.13502537097055795,-0.08068545314610652,0.18085025672567662,-0.7438977097882036,-0.33879746837688185,0.12584827881014998,0.6436409191013275,0.00871084954489145,398
-0.34049490311249136,-0.03541208725918702,-0.5584363870918883,0.5842570655172872,-1.2509610690379085,-0.032689769794106635,0.22598295152178755,1.0330600894176931,0.007344986832099995,399
-0.09809537303919041,0.25271414195779224,-0.4119583467393223,0.15145048088682253,-0.7479140285400642,-0.015044387869567737,0.2137318710051731,0.42040195085409043,-0.023219596271466813,400
0.01531916869149014,-0.19321762704338452,-0.20086916143762049,-0.019635068986318827,-0.23356809183853403,0.03570360689851696,0.36015127902844046,0.22341602121797974,-0.15660496294700033,401
0.18980565238892172,-0.5119462907481648,-0.42987792796678853,-0.03229883625411623,-0.2495807460866227,-0.09632823188446037,0.28799682935399407,0.6518083747508597,0.04710421423023255,402
0.06770116688705359,0.43237480763704966,-0.3993456735054621,0.23547506000798152,-1.040636232335884,-0.16094143689441295,0.15913084232170638,0.4299878319713986,-0.010204604878246678,403
0.15166573611932088,0.4794176979641529,-0.2718161281796749,0.25862052182067613,-1.1159826735100586,-0.239885175477708,0.17036395901968834,0.5504561184568993,0.0023225953799667774,404
-0.3176222293292555,0.20269310682951397,-0.5234916721284937,0.5278037749830534,-1.0184944682801629,-0.07324704955005344,0.028369245795861794,0.9702650323367579,-0.007415232653723552,405
-0.28913232512092446,-0.40684399152793366,-0.21762302464806815,0.33229552617930586,-0.5188674163831513,-0.0036602379337605296,0.16954259077576964,1.0408843787588864,-0.45347016460039574,406
0.254447698769632,0.5273899416328822,-0.20858888027054995,0.40367244495842064,-1.2622832808015512,-0.30328679839824413,0.3719418443763206,0.3800954214808954,0.16424659345005985,407
0.1863498316955062,-0.3668974868017657,-0.3004572090617726,0.366566124636617,-0.9725070612707891,-0.3687508243323945,0.39633802313247535,1.1068566900062637,-0.055114278158805034,408
-0.25787147546723943,-0.14390709078704114,-0.3587239419607333,0.5338155120847461,-0.9992047409090229,-0.11961946659889185,0.15099102225301664,0.9790895882102972,-0.12569073459173377,409
0.10815307873904757,0.5996318645071462,-0.24448681356727237,0.24334209558820655,-1.1695860376463871,-0.2925653373787906,0.01993905728960986,0.5179347551143402,-0.03264489709925218,410
-0.30441089616813327,0.010818978531654878,-0.25800791720873023,0.5203115603029799,-1.039982206663777,-0.10124035185022427,0.08962794355215209,1.086261552506186,-0.46275275351487277,411
-0.05497977972087976,0.2849990159085883,-0.19393809425545433,0.5301208199755406,-1.1033772205155117,-0.2935041767225099,0.045927535810580136,0.7811847857082417,-0.12878760040555678,412
-0.21068247082413089,0.06822902838363147,-0.5400090018702388,0.502073692191853,-1.171760794292851,-0.1493572586709854,0.1370279469482481,0.9669700333767014,0.055203778697974874,413
0.006286112555874295,0.6694687843727936,-0.18941157042741452,0.45662412839012656,-1.4492169676210946,-0.25778197145302295,0.0512402331921667,0.7825277060894343,-0.19784442437360059,414
0.33472413097831355,0.052198531895099695,-0.4645015595054363,0.20130251814639946,-0.8897258981286693,-0.18135074174308927,0.550005670980772,0.3738479856144453,0.28930269117332463,415
0.30190567898348747,0.6486088127862389,-0.26313012633888627,0.2669355365642739,-1.3259978936232848,-0.3577820224215242,0.1028637479088828,0.7188968935044208,0.020985122678907658,416
0.17557958096841297,0.6383278111996383,-0.44151180229937026,0.2437605241273978,-1.1728463834864382,-0.25744731059076703,-0.0014416181526449774,0.4972276132774655,0.03893955216020907,417
-0.03930223637571843,0.10192519766143589,-0.48472125495283486,0.16683195510664922,-0.5476833186958916,0.04205125466373175,0.43694553150675014,0.1348356022431586,0.20462939053372656,418
-0.27711595770251474,-0.13253045361825028,-0.13774669628483602,0.3631903182281977,-0.529768368771884,-0.00042282534840843274,-0.019491142000580077,0.7902701182842747,-0.3233056651387606,419
-0.09440367069041207,-0.04422455165718687,-0.3957093850179436,0.5368587474728349,-0.9618020940495003,-0.1047131888859357,0.5038961542673729,0.7294822491615879,-0.1435920653912783,420
-0.29565782779612815,0.24449573860874899,-0.3454739678513323,0.40514633848618625,-0.7545030138791983,-0.0002782417771896132,0.2163912150039387,0.44662510274011136,-0.06685967570781594,421
0.04495967568862556,-0.09357756221086422,-0.4000131093700222,0.2699095699532588,-0.7742974001065224,-0.14592294702284028,0.39259887591465165,0.6234369354177001,0.011723421473662924,422
0.05410510150853536,0.052164504513639756,0.10812027874020744,0.3683467073699661,-0.8059702339659448,-0.26085362230092163,0.23168678912077453,0.6979178491027893,-0.3868949458680564,423
0.1679405119768714,0.41359826652275034,-0.5151553361598922,0.3284412273219659,-1.3445572377624553,-0.26011186894850297,0.3376311271470167,0.6710514415700711,0.09347960867805144,424
0.16881723743565621,0.5350470178187765,-0.041312042044857375,0.3763655150415515,-0.9688728137904522,-0.33860428756186967,0.18287399908458127,0.22597202204583083,0.014627048959316387,425
0.12778197665504984,-0.17420094296273103,-0.7627953174371636,0.49197641712031037,-1.2758477538036839,-0.25935237291776303,0.3966851724152,1.0303653496197034,0.2781711316990939,426
0.003276108435826695,-0.05847001068444661,-0.1180599747156436,0.26147374505444504,-0.8262455153799196,-0.2477988256624627,0.22998127256080747,0.7238507947614509,-0.18427030405081365,427
-0.14148295010247816,0.22671194943798817,-0.0028924643481984,0.2623602723772394,-0.7055416072532072,-0.0713317050527863,-0.09204441740775597,0.6973237507394823,-0.48177502006122325,428
0.1557259118007095,-0.143879719339818,0.11054777432878966,0.3842758044515655,-0.8220260292277954,-0.34020420438430243,0.19268906339695724,0.6911133980557639,-0.3009269209723548,429
0.05758619677788928,0.6363684640917643,-0.34904140882944173,0.40812024493250487,-1.2156480075086762,-0.20277331716287159,0.2015689259319143,0.4657553472186237,-0.0034730200576876496,430
-0.38175440102333585,0.031562720868709905,-0.18092321321547902,0.5885967566676392,-0.8288256999076774,-0.045866707926183324,0.37081125078403354,0.7165407818907374,-0.33371948652122246,431
0.0006752578996213901,0.6500364449949644,-0.1532274390072293,0.566911343172645,-1.3170780158262054,-0.22842402589937563,0.11044079770165248,0.4510512708682319,-0.09231545840676922,432
0.2911880935400066,-0.18871140782666243,-0.3581753212477068,-0.02843606078722544,-0.41807473077908197,-0.13820676776982155,0.14968939232679954,0.49398993989799705,0.08236626737659981,433
0.05961443937649256,0.6139212890577245,-0.34676800287536014,0.46203656116130704,-1.2628960719671225,-0.1351574953920636,0.3885816204410058,0.2994393915496207,0.09353506689372758,434
-0.052592521110337034,-0.27652338761597167,-0.19908611521541678,0.402389799978454,-1.032670208786948,-0.23246336680798213,0.2919170050081903,0.9851624190019831,-0.3687544353175933,435
-0.024659017258219482,0.27833334406555416,-0.21544834360054763,0.4017919826048496,-1.1536688775316768,-0.21348295018583244,0.12671774681196962,0.6366238367808493,-0.12886758503640702,436
-0.36951532836925816,-0.2811807681566254,-0.45714079860136625,0.5946543453879831,-0.7490084245945147,-0.21610771917617175,0.05904691348671246,0.9324441641847697,0.0004085170435862904,437
-0.1544732374719928,0.15334270029240116,-0.14487228026542634,0.4012416724459009,-0.951640974309168,-0.11632149069156035,0.13025109941293564,0.8100414849560306,-0.19338643900847316,438
-0.3605666141332511,-0.34894912223560465,-0.4817036147021098,0.3048354874059064,-0.8622811021146275,0.08105610248844386,0.2571007928428555,1.073346362126596,-0.19164121272858742,439
0.27565747726239603,0.32966560004265555,-0.2656861004803973,0.32859831132342143,-1.4391959672151913,-0.4039912197139565,0.04485415948669683,0.9969511024012121,-0.1813872714288547,440
0.30398157333415166,0.35466095179559365,-0.1369703764169738,0.2404053976692706,-1.3274339069598755,-0.45032551008725835,0.25820390486609485,0.653935636444036,0.03794616904196647,441
0.1269351343846062,0.4975710299097084,-0.036422943765419345,0.37906923710727386,-1.2668855723818515,-0.3955387151196617,0.0365787872226593,0.5799635298690442,-0.16870776950241423,442
0.14720530294961037,0.6712107098979032,-0.4868420688579677,0.12946395693612636,-1.0039181846323186,-0.1287958171071465,0.16377346364447756,0.2130279851906889,0.201230537822751,443
-0.21877696074950903,-0.4165883133610414,-0.4010675946598407,0.45886069058618584,-0.9409141444657705,-0.08506566977198124,0.4526886840884452,0.8990450990280074,-0.2595403757466964,444
0.05101574853786704,0.26568412209952436,-0.4433868047012933,0.20007586830993151,-0.7693978154999424,-0.02623910246483186,0.5213404115433145,0.14473241000838574,0.15190921026587978,445
0.23396574571053216,0.5714015553377706,-0.30299260584442733,0.22845088630921281,-1.252387284694344,-0.3565337243261776,0.1477107241151331,0.4853545073569755,0.11251664741837618,446
-0.44288784041818813,0.1459870858481197,-0.4277699980684352,0.5930493658115492,-1.04512171641617,0.05775464322946133,0.420967633767885,0.6479150185226006,-0.09774591414750619,447
-0.2278210373071963,0.3409838019212503,-0.33249648920604086,0.5071675392602413,-1.138045554542329,-0.1229347906623223,0.061836039023652006,0.8615088102074318,-0.17061366045428997,448
-0.207671876904028,0.44766229714679895,-0.41897025877740146,0.37411494558022335,-0.920866544744632,-0.014900562274716473,0.16374437976051084,0.4484542584004289,0.0006828815721348831,449
0.3312460567934276,-0.7012241166003885,-0.5153277459969511,-0.02425836456314784,-0.12725758229724432,-0.13940890832010325,0.2178523927416013,0.6169663314372793,0.2833161534706433,450
-0.014758851878073026,0.20241301995229782,-0.446499881241174,0.3088396660803174,-0.9611879385250032,-0.05948587020458882,0.4890464442935671,0.3562317568268417,0.11935857035539012,451
-0.43374475564017756,-0.08137455697972511,0.02780739224255929,0.5123764291639902,-0.8228234798232936,-0.03749408159847331,0.08966405003871523,1.0048604922771909,-0.6422770724599937,452
0.25699597937873553,-0.1575542945249264,-0.4731856327435102,0.18470335054256454,-0.7671941525132601,-0.19312103859910829,0.45486478235037914,0.5141002418823682,0.24338203859247792,453
0.17926829225993807,-0.10042975434146025,-0.3786896403304523,0.2781768582165458,-1.0324025805223238,-0.28769988156796095,0.6696572111247175,0.46320067268580045,0.31296596695525697,454
-0.5623772580868733,-0.21896359526259634,-0.14258478498294577,0.9076656159856837,-0.7124547402513138,-0.2868272434148148,0.22866982084196655,0.779571832481101,-0.1839125678106444,455
-0.41157499152418453,-0.18020566912697822,-0.2573721491655505,0.6433517318479224,-0.6684549974676818,-0.16329026886600143,0.3340167125758584,0.6895898080954046,-0.13947168277839453,456
-0.15813239564221193,-0.04080021035475395,-0.03032518624336074,0.7655943472534339,-1.3573996868554983,-0.4243479799121463,0.06117569375219466,1.1947721225557089,-0.36253136149373455,457
-0.27562144219520274,-0.144372265292869,-0.33636453943885064,0.7049317392942203,-1.177763105345804,-0.2682398119308361,0.09219563760054138,1.2758247574533434,-0.12572766703917992,458
0.33299671606933046,0.5215005536406587,-0.47197405600046,0.24237139006993036,-1.2235750216857466,-0.27021088028370893,0.3433517217709567,0.34819069916067297,0.2537624589729952,459
-0.16119443670041617,0.6870170067793949,-0.3191905782383689,0.35734771979856716,-1.000195883817388,-0.0501796030533192,0.08536844185839625,0.3309488562303098,-0.026807080291362577,460
-0.27554333376989987,0.3118359239737425,0.06991223342813986,0.5460707352459485,-0.9308408222905942,-0.10275767823873673,0.05456484661303085,0.5293740336285868,-0.542876672264282,461
-0.7156711085756455,-0.4575132019369327,-0.12731435721266618,0.8416309040174731,-0.7060980367219147,-0.07548600627853523,0.2749994248122082,1.151910127822862,-0.5015773596439462,462
0.019897063796364214,0.4267208636919217,-0.378632512832253,0.476398282423952,-1.4717870217717381,-0.3571870310899753,-0.1371867951312426,1.048184484466868,-0.24583637203666558,463
0.05758974211810248,0.4880361431381998,0.018367759207145014,0.502848993524178,-1.333054566352941,-0.30366955773495935,0.00021534444543528324,0.8064389332298117,-0.2455220752539624,464
-0.06766733605741694,0.32538945903954486,-0.2845214565569298,0.5765996829494546,-1.5362054945412027,-0.20580735475191853,0.3003285154981405,0.8197333797466227,-0.21832298640373085,465
-0.03393993204308823,-0.7539319529815379,-0.4179733585637393,0.0682059832381457,-0.024124149009916593,-0.020598465383604634,0.216975144485493,0.7255118642084896,0.008292160062802638,466
-0.11035417098319066,0.169811576271003,-0.32352670488514174,0.5582609495166033,-1.0904492214703367,-0.18874115629655105,0.25742776815756707,0.8685577407022728,-0.0852332472073911,467
-0.4589810829629232,-0.019053406934291733,-0.20426972459158182,0.49798661701043534,-0.7945245618460679,0.02307516306795746,0.022818362724025525,0.9589858613524253,-0.5296318525378579,468
0.02107277085982427,0.025341013758366553,-0.9148137726390294,0.27062021899154326,-1.0323948370608234,0.01283134354932029,0.7621950807494176,0.28064498979171937,0.6099740577157446,469
0.2110488902713813,-0.057599991706413625,-0.5248909679819455,0.2702892956939426,-1.0224847256751286,-0.2638868310657586,0.38903040412935325,0.6406582618863617,0.20131609699722755,470
-0.07475561312716353,0.2736433072632101,0.0188047642137471,0.5390912709765425,-1.3831142492290545,-0.3288903408897013,-0.0006750187850891866,1.0952327454419069,-0.5084548583639941,471
-0.22097615653770006,-0.1094623975209454,-0.33338350278283063,0.5176732557710095,-0.7051236153872449,-0.13115074813330269,0.1382197072230929,0.8634463922863201,-0.12467390433945061,472
-0.22995524894284733,-0.4561327338418386,0.12467990157772062,0.482373140250895,-0.43853039246479647,-0.18666936292595893,0.4853741223746424,0.6321378293879282,-0.3706021535516049,473
0.009648078081733596,-0.13100523227284386,-0.36039938778036756,0.23772534381556637,-0.5717083303435074,-0.08336823832940414,0.23386228568005385,0.5022453361203172,0.04077088351364187,474
0.2669686921994387,0.3193393852710291,-0.10019361688691487,0.15211630820880578,-0.9430677776008347,-0.25607419169780465,0.09643955670365952,0.5133950864949445,-0.14279585708062856,475
0.4450241346380982,-0.47104514957625804,-0.297010566586452,0.11224585302667982,-0.647354373799699,-0.4035215307062632,0.11003448444539504,0.9315783174036347,0.15269425756567043,476
0.09724656666362179,0.49961495124771194,-0.24954768938310992,0.32732535335450486,-1.0432714945647374,-0.2576020695901317,0.10376978188126716,0.433850957171469,-0.01670307541671894,477
-0.1193567536844917,0.09951303302101623,-0.2863426799773492,0.39213665894032657,-1.151927763195718,-0.16303441427879095,0.12173648945992924,0.9521624150591728,-0.1812042271188676,478
-0.40928558343340976,0.220625529484325,-0.4719722345768517,0.5332376555384699,-0.7380983361392428,0.026840376335189434,0.24598284088541364,0.5232501423543012,-0.035836648208786195,479
-0.2617545019437542,0.474241364009664,-0.4512750289611442,0.5162680556891739,-1.0615977822361626,-0.11003903521071622,0.13993011425383658,0.6318466629588667,0.09742610928503265,480
-0.07419055612269981,0.6187457038142268,-0.04921225316857429,0.5514619313159782,-1.255405578229953,-0.3912969845315238,0.019338323766235378,0.7345885870770177,-0.22279446854042453,481
0.18069186968986373,0.6083507408302796,-0.1981950726626917,0.10063081175406927,-0.7689655800521229,-0.14833862154907893,0.1597143980124488,0.06259873996771946,0.021922723215863815,482
0.01323186128268362,0.28958309151390066,-0.032682720371610866,0.24316446908269013,-0.8998932265869014,-0.16248609748700163,0.28335785198464636,0.3229001964506034,-0.2732028980950055,483
0.13817043114250563,0.41169911044213403,-0.218493693274422,0.42782103366984353,-1.1502011456414554,-0.22123715782407577,0.4130805481023426,0.31767139350031603,0.127643882641351,484
0.3157972603564853,0.592486769561263,-0.4360235249351772,0.1674400973771048,-1.3027755372322298,-0.2688915577939192,0.20492384965008956,0.4481910243425412,0.17762700901560532,485
0.36755861888828234,-0.020411534558196373,-0.319878408706459,0.13459693587094537,-0.9885435731494113,-0.3710878346651866,0.10987776888844081,0.78034266237799,0.045673008698102355,486
-0.24508608474972976,0.32884602952964326,-0.12595251887290135,0.6805965503766679,-1.1867176394043837,-0.2984487681627015,0.040899521850257525,0.7831052003041067,-0.2337508801332692,487
-0.13788872769257635,0.5979397424007729,-0.6226726327294314,0.3234730103193879,-1.1443871381202027,-0.0614066132287147,0.1183159522786788,0.553404385089338,0.2071115924288859,488
0.14255321292247228,0.24463509935550085,-0.43052882200262926,0.203715198875328,-0.9782221843921214,-0.19276859539867866,0.15429293835118807,0.6279691528646594,0.028813340790879296,489
-0.17889732978657283,0.2966898355104813,-0.1803359501069576,0.48680190509275284,-0.9487314279311487,-0.26501620015255944,0.046599108597642803,0.6680547887138574,-0.15518997837220938,490
0.0264811923023003,0.30589335599778117,-0.30281810162370837,0.40519576510093597,-1.0422571409588441,-0.16474308323700632,0.3167745313577817,0.6254745519086982,-0.04162717466596025,491
0.284329472776232,0.538944403056365,-0.3431429856803378,0.46199307074501444,-1.251801770402105,-0.3627781654832365,0.379270389812323,0.3915555253619942,0.2683101616038971,492
-0.20300678143819162,0.5629240268859589,-0.3122930268577376,0.49041937125065865,-1.0248872325123137,-0.051893493121718745,0.31865259742074936,0.2733612355494928,0.008828644684507087,493
-0.04488398608661574,0.25620683155165574,-0.7754987963322684,0.37868484243699585,-0.9709300854807341,-0.10518727316740868,0.3117834887357604,0.5565729695378127,0.39439501084296913,494
0.06009056219432512,0.24198738717217852,0.04832636078980165,0.44628926553609927,-1.1834053163209044,-0.30456078045006163,0.006684198565751845,0.8072403939309847,-0.46496318289589456,495
0.17950744419656386,0.30085044365692054,-0.018154704688867068,0.38900955430283785,-1.1195671421161368,-0.3636900907673272,-0.0036681409922687826,0.7577598723404787,-0.3581495782505285,496
-0.3534321923828474,-0.19874768249702573,-0.5840724804526363,0.5837878400030421,-1.1195093559400668,-0.132878439064521,0.2804277150245878,1.273792743347261,0.07414260768728102,497
0.030791747427798458,0.37968433431179494,-0.27210797274053194,0.3684776439988795,-1.3524838672980424,-0.26132500764072225,0.05565085523629017,0.8122012915113238,-0.26662934427911367,498
-0.19412914473795664,-0.08125326649980008,-0.09966512412164792,0.43915191963668804,-1.096585803958918,-0.15038319804369346,0.07387792429096796,1.1241579563224782,-0.5469032156703723,499
0.058218221662071336,0.5556327927138265,-0.12106115786210546,0.4108100370855448,-0.9376725113704519,-0.37004187588686444,0.014581172606617144,0.4581887834733272,-0.034502418950873553,500
0.1394173261268027,0.4247322013482303,-0.23526047020633487,0.29771548335452847,-1.0645467719478658,-0.1606791995209386,0.19056212461506913,0.527495871216592,-0.13392817172736252,501
0.4074205854921452,0.36445385324364954,-0.27454571866202765,0.30069284919149253,-1.3305492707589042,-0.51175188954373,0.012543498409819267,0.9923670450589421,-0.08929564048894723,502
0.19718033910896648,0.5346038854135741,-0.10220780535513446,0.49322650711459676,-1.1372692472475536,-0.493136645410503,0.16123336967471383,0.5243158170953042,0.015399265310726596,503
0.43891496478521297,0.5268270791005719,-0.3138258361919501,0.16479990766135333,-1.1791294096160878,-0.4416510670322311,0.04442473197189542,0.6731239267239889,0.04983658837348583,504
-0.5748439695610532,-0.3017259589178877,-0.39722726866124874,0.6617745612409164,-0.6838225201283448,-0.0769982567629936,0.12784629161579084,1.0808198486377536,-0.27917478284958114,505
0.0005709998453993782,0.481527899822361,0.09666604058975073,0.4611800211116147,-1.2869914531596895,-0.3004920263221393,-0.11882359190875831,0.9124694565426476,-0.5087940848765483,506
0.2368901161093282,0.6022061201916662,-0.486710288803833,0.2839161723319623,-1.4942330474371823,-0.26080265917313855,0.3426683153081967,0.5813131983380002,0.16684193830796093,507
-0.0038999172374917577,0.022491295302997358,-0.024168307231353287,0.4576354670303102,-0.72860636872114,-0.2739453918064842,0.28282362503437514,0.6968145428318125,-0.23037890085050683,508
0.36032194556684594,-0.5465327885463221,-0.4356592128539627,0.11112977652113235,-0.6210426312983953,-0.29577918144921894,0.34772852486066097,0.8842840508476821,0.2281683485556395,509
-0.10952274887199297,0.5923215135250767,-0.1504994552647731,0.6040135942091943,-1.1232006357423097,-0.2676608197861752,-0.09798981161792518,0.5636276838697448,-0.21970184261185727,510
-0.2818712153033234,0.06000264580323129,-0.32698021723713017,0.6014178640166614,-0.9468517850467596,0.030303225621003908,0.5144934129739555,0.4898591102990152,-0.06641243977657588,511
-0.4054120280452147,0.3241649677545147,-0.37616393394431386,0.548625872090417,-0.7110954358989887,0.059223853916319034,0.14137517528143875,0.4505213477141093,-0.08510594476309162,512
-0.0020281000918779546,-0.16241380929184407,-0.041243955161152625,0.3984660796358623,-0.6851782287139359,-0.27574673345932793,0.25928044985262977,0.7691504177307578,-0.123307608501152,513
-0.1553180087228658,-0.04330012537782734,-0.5108226799900651,0.4061053525024277,-0.864843120323855,-0.004075799199696069,0.3938156387757644,0.6690940217145527,-0.028457173629823463,514
0.12027770426901489,0.4644827181533213,-0.5195664657839634,0.28563609658904987,-1.0151420941929055,-0.17866284679174504,0.07303794975465344,0.35463704725778844,0.14041974632763496,515
-0.0876310162418694,0.22120042475342944,0.1419482428839326,0.35076507488565034,-0.6824841719092939,-0.13797066744775724,0.2310243999258492,0.3614028599952422,-0.3882461571583321,516
0.037544339436286295,0.07013578626244349,-0.6881477025499605,0.4152553748696904,-1.1262352211338125,-0.07662854722325878,0.5667857199317743,0.47516996567388886,0.3098021238391643,517
0.06254047926028965,-0.4502332146530631,-0.401279294924205,0.14096531142203894,-0.08967301312694427,-0.11264590658196895,-0.035341263667398995,0.5567380822417586,0.07206620563224395,518
-0.07648812164312428,0.4571758688872316,-0.6625079129771321,0.488936482958553,-1.0535032688537491,-0.09630663199991202,0.4173178808344498,0.3770676125823385,0.3945973443904984,519
-0.5107478574550596,-0.12283088030043662,-0.3691343104006101,0.5014221253827,-0.7746162506335239,0.08421134826304881,0.046424174852062496,0.9892893164504521,-0.2864423582599711,520
0.20967469226972504,0.4686917048608628,-0.1737809257162182,0.2065533161612089,-1.0650357275897422,-0.24421921395652368,-0.035008020359324404,0.57402042659566,-0.1652342493637767,521
-0.32323209545275755,0.1804928785868037,-0.616846681779735,0.4184647985930078,-1.3671667187980627,-0.0016625919162098998,0.2626884400854338,0.9462107007635426,0.1550334137685545,522
0.0014725050363804941,0.17029690281287496,-0.17824901916409017,0.5047620282574502,-1.1747151953924049,-0.3030692537363974,0.0822817772078443,0.981449190324486,-0.32639062085165865,523
-0.04073097480233582,0.2559719772587095,-0.39688857662370297,0.5473602102032954,-1.0741711775935918,-0.317141948810028,0.14833001550405847,0.8209592327982363,-0.005290494375058185,524
-0.21841858288272625,0.17177872094954133,0.09302125817955328,0.5790336869328087,-1.0490250824346767,-0.1807627288746998,0.07300790449602179,0.9502507991981102,-0.5714612953871765,525
-0.24298693206696093,-0.5595336379468818,-0.051135342028945464,0.4610108012565107,-0.4767180441840962,-0.19711247048386674,0.22925089236788979,1.0397839759142113,-0.316916502306736,526
-0.01435967926378498,-0.3258739767180808,-0.2758569210194817,0.3677624078917632,-0.9426380623417037,-0.28193286848591576,0.2816170862140902,1.0579345934428839,-0.22422179285056545,527
-0.2520965807413869,0.42268115438024834,-0.27371020641484095,0.42955379670617694,-1.018222237000853,-0.09761792243151472,0.054984477825877696,0.7087346959087629,-0.2816998212692507,528
0.0818490654113023,-0.11875331067151951,-0.06248887834799725,0.3349009977828387,-0.7782498687278708,-0.2662014818476552,0.22403507404476833,0.7610591100437988,-0.21486765406083538,529
0.22230793117188472,0.16780720534262739,-0.14264991310424985,0.26303166169914943,-1.225023101771275,-0.4284566385090474,-0.09513135049678066,1.0215070938666084,-0.27355023728533967,530
0.20471428858355842,-0.6646753958785442,-0.17323047031240374,0.11298936004056703,-0.21276510296498294,-0.18406684459343586,0.11454634075580523,0.7933340093649408,-0.09306021727507602,531
0.06875984678781516,0.3622759276746682,-0.14807597473523712,0.4129976697054518,-1.2500177801917653,-0.32689849247985703,-0.03828230045074197,0.9830644174866577,-0.26887377699934023,532
-0.31209717923217684,-0.04053675864854678,-0.5012007859309786,0.28531704444813705,-0.7195603035754986,0.04931360497759378,0.1649800304191768,0.7282019722164267,-0.06779926181328569,533
-0.3208728233467004,-0.06893799129646712,-0.36694633083178596,0.399167427040526,-0.8765866133569513,-0.03968774981110046,0.13995780437879812,0.9624214938539656,-0.316979309741254,534
0.15157360579667803,0.4279045353621979,-0.26319390337870546,0.3441992305030979,-1.130910210961625,-0.06935536854453275,0.4796242613767171,0.2008018856912152,0.009653469104484006,535
-0.32676529444935065,0.21689522915988566,-0.6694459962454304,0.3685806151951692,-0.7724952675986606,0.01743887696856829,0.2119896091346113,0.5315313946197285,0.16368040047474114,536
0.29924210215947744,-0.5410285230998981,-0.4120839956891473,-0.04129194560881021,-0.08504226712176795,-0.21829516124041026,-0.002184054266558736,0.6701019680264353,0.24159228859355797,537
-0.06359447658211387,0.10354003358618964,-0.49700800814377843,0.41903407840527157,-0.7641773236953442,-0.05964640058332411,0.4837158241715091,0.3939185446708848,0.16637596388209244,538
-0.15629164052701952,-0.0841436187832208,-0.6797669918298027,0.5625403382489231,-1.1975748455986361,-0.08750750964021996,0.5287901872123181,0.8078310814628641,0.2110194198529695,539
-0.24213218976969886,-0.0205621879752479,-0.1703875163836949,0.6090717656861458,-0.8909650120700339,-0.15109526710332372,0.41582755910822367,0.4717429303751976,-0.16823116017828554,540
0.03781945493900605,0.34077325739172076,-0.10405595027225767,0.5325183620789468,-0.7831807701583856,-0.3545138439516279,0.15481385638559048,0.3231902319039263,0.07442076820995433,541
-0.10769205827338736,-0.042580406491016645,-0.16576261381905802,0.19880375920945761,-0.5774023531612312,-0.03932254934323328,0.16097161462797988,0.6037785031583163,-0.25550994589412107,542
-0.2674469516943565,0.3345942194270934,-0.1253808233899334,0.6307538942433667,-1.141848852628893,-0.25147148493158483,-0.010226037702536085,0.9979125486354878,-0.36613977705795564,543
-0.035506733978070235,-0.45091581475699394,-0.42195072600348343,0.43444385370358707,-0.7356415553084411,-0.16199298720487948,0.36419276390009503,0.9179853822045321,0.17205631591797818,544
0.39782587523457913,0.23604997428313065,-0.14891539933064507,0.12444547716393813,-0.8360801543561932,-0.28487379785636546,0.057849075132327635,0.5421606380413054,-0.00882165340851102,545
-0.02252551085135225,0.3389334629038761,-0.03608004989296416,0.4291057466292753,-1.3326158943160247,-0.3323308973503774,-0.00282801435982162,0.9429849862331511,-0.41482147086130206,546
-0.11288745074865068,0.43194891061805973,-0.15915334883520854,0.4810114838780161,-1.319234947266699,-0.24259135393691,-0.0024945655433398555,0.8003806335382553,-0.29393070787716463,547
-0.1639366747814158,-0.10883101674640765,-0.5215069483793265,0.5567303820045462,-1.102596263406981,-0.2114236926945591,0.19225416502548,0.9706805789036811,0.0701151901829946,548
0.11088488459264693,-0.05058490261409971,-0.0010467315064780214,0.24035645486502746,-0.78999813469546,-0.22039176069024938,0.2603849173211803,0.6670993402318648,-0.31308010961409655,549
-0.5107835972400787,0.0961844660771385,-0.44333735142370134,0.5092937456257373,-0.9758783149859636,0.08731474294784534,0.11231683313818686,0.9344003738046472,-0.25754902680516806,550
0.006836829184999309,0.23453318010118007,-0.5319439662730215,0.25388687144316263,-0.9699993589590172,-0.03754683672297245,0.449522859108382,0.2917806608426653,0.24022296496177475,551
0.16338160494648007,-0.05445439824264184,0.21075105969334643,0.43449195449483574,-0.9195105885622681,-0.319956159687324,0.4947389207379369,0.543164319234023,-0.26329515842925416,552
-0.17746678082617923,0.14102061238260774,-0.42704441385881353,0.40404892351310984,-0.8569595292124279,0.02218000690444412,0.5055241711245314,0.33747019862173716,0.04859359348692432,553
-0.29273406235024274,0.12563181013415145,-0.2976764531869573,0.5541095495261715,-1.12728702714857,-0.12522001842785715,0.15240152743709415,0.8982317666772367,-0.18529336751828449,554
-0.5534927904856488,-0.14645871756682563,-0.23611342962068688,0.8097413280880204,-0.6829330555248034,-0.1503685618143211,0.3323374857608347,0.697008047422114,-0.17693573713886968,555
0.028347104258038776,0.5098996793445908,-0.19271365936398563,0.36598198567804924,-1.1291623722523183,-0.2763803200537979,0.030823797520032163,0.5703367972364402,-0.09666995309668072,556
0.1611454988100429,-0.28820283172840216,-0.38649951694925394,0.23490181370349655,-1.02303681899003,-0.30619522540336397,0.1596356020949678,1.2271091419384261,-0.009203041438586527,557
0.04714325307739197,0.4431960957596937,-0.18487653061327158,0.4366259548386966,-0.9700527081147968,-0.12180933131899094,0.3595527348367902,0.3287702054531126,-0.13224834274816563,558
0.4124562072441812,-0.6174947701372994,-0.15150894537877346,-0.14885344618519938,0.05612667774143802,-0.17809123604996813,0.16016469488184168,0.4798372087265918,0.08070224204122352,559
0.09326120421288994,0.13448496125118647,-0.09674171585087078,0.3059140183879803,-0.9805260370085539,-0.19028378698761486,0.0816909694376295,0.6412593418556353,-0.21309387288641773,560
-0.4111333903285295,0.15973405194888946,-0.49441915715874896,0.46748141985807135,-0.9466333886675055,0.05319040618551754,0.3061920490854118,0.6464547501780776,-0.004710603338802703,561
-0.14222180904753057,0.26994000336061985,-0.039435804398082086,0.4938690279994085,-1.079325782143828,-0.29561267343458686,0.07365482773562221,0.6447338817252066,-0.23124488403989485,562
0.49617868930293985,0.038661756190022205,-0.6281435577874985,-0.24147414759038732,-0.2039107531131251,-0.11896153588306925,-0.11029649603105518,0.18536697087213144,0.4260797755412003,563
-0.17960380340120952,-0.015880059587539748,-0.3864460504899662,0.3579264719158471,-0.8429762470220732,-0.05180528468130653,0.06900068943907119,0.7597145778602784,-0.13803102204689163,564
-0.47599123538545096,-0.4129283879576264,-0.5295141336362054,0.6879346200481709,-0.5983240369651885,-0.16631120256951107,0.2293557091722872,0.9598369766317161,-0.0656525747534535,565
-0.16632555022112697,-0.27373501973044334,-0.4042182691222873,0.26411677782670434,-0.4414161352129127,-0.013041485264095718,0.24497774811194745,0.64936314770338,0.02363963199575405,566
-0.11467019289684326,0.14188185337169995,0.018554257156447457,0.4770615045153024,-1.0850332979172148,-0.23533743773054805,0.21435153815723157,0.8363984263999571,-0.3548957586359238,567
-0.18008775069349955,0.25836740085509,-0.38270520755718995,0.440040783072199,-0.8646638596472699,-0.07765894063332898,0.2919888947337763,0.518766155806635,-0.04580289434998311,568
-0.4815174166791731,-0.34638245196297257,0.05950307873491077,0.6835931399441159,-0.545086123552892,-0.1728423628978542,0.31285637573611974,0.8335020685157895,-0.5457310924446886,569
0.09632025777167964,0.7666030798479628,-0.28280113128608286,0.43166498752210886,-1.320340590142191,-0.184204684175385,0.17792118782749453,0.4229895735883109,-0.023370779604851552,570
0.1589788920919914,0.4218966978497306,-0.37164639052730014,0.12202384877173358,-1.0565565179726821,-0.16805574731635722,0.1289290171040468,0.4906296195347986,-0.06846267282593596,571
-0.46741249684320063,-0.2782148531491942,-0.5207005353004533,0.8025311926853397,-0.8680501908227964,-0.23518858733712283,0.1725747836622775,1.1744888573969814,0.13396181886196243,572
-0.4333678849826662,0.08328326339667794,-0.37576804353741505,0.461051393122338,-0.8632142755727953,0.0293508731656207,0.22397166748566671,0.7061758162625242,-0.23338188436578705,573
0.386054022098746,0.27589105334058744,-0.3639165907241631,0.19554194375110426,-1.1795448874551686,-0.38926513080169833,0.0013665075276871512,0.8687823791284971,0.1273925405824304,574
0.22626829371935192,0.5693350249938929,-0.029182751679116322,0.3131282979589373,-1.3401650155106424,-0.3616070360876596,-0.025606464957382478,0.829818384598851,-0.3177338856058095,575
-0.23126711966080096,0.11857462050895548,-0.21691234637748605,0.4003678212448007,-0.911629767356439,0.0188509221796849,0.33683024368591924,0.5065595664055447,-0.3661340696234495,576
-0.3323850546036772,0.4353227809013586,-0.6515296232006642,0.392668422972246,-0.8086846394935131,0.03161308613645139,0.16664188563597926,0.3366600732984398,0.2205298933252228,577
-0.1632552904328974,0.16313269209310338,-0.5386565119726148,0.458337605921116,-1.2541890280208836,-0.06777591060752787,0.4564948464833541,0.7270885001359438,-0.002200904214385753,578
-0.020839773260316947,-0.01422928637056901,-0.06670845349767009,0.4929119526257526,-0.7671889922060134,-0.2920755735349638,0.19795110410546918,0.8918521928956776,-0.2617016918606658,579
-0.19659516969863347,0.35783372946585296,-0.5115631746588702,0.19323836032485947,-0.6698757644716079,0.09597016352427783,0.26090807031067875,0.16349761376361072,0.1218197627719969,580
0.04012438371731701,-0.049244168129366585,-0.4038588039297367,0.36246324811779285,-1.1311828326494602,-0.10924277664126754,0.6415466062328321,0.5693729026421426,-0.013302120881440909,581
-0.09002640479082637,0.45891522842145654,-0.4457144564198735,0.41572219400242294,-0.9239643326382484,-0.19980198797800333,0.1783762540531474,0.4419503534319615,0.22260325378140824,582
0.028899041581209137,-0.3117650945768413,-0.48268127185780824,0.3311927517009458,-0.990582004365668,-0.15221540515733803,0.5320769337970106,0.8963120576858182,0.04072618291072152,583
-0.16048539625760777,0.2133682424265338,-0.2988902435511149,0.44995206224457757,-1.0749404139190981,-0.08536867943014824,0.3126425436438769,0.6443680593860285,-0.12370950880257636,584
0.2803925314299295,0.06678705999860904,-0.27165340191270754,0.25633949629561564,-1.0297821024843772,-0.30339914537428836,0.16477894981352947,0.819463027857081,-0.0012756719704514158,585
-0.15707420873246455,0.08488822783690826,-0.2538683960561904,0.4228212453055362,-1.0359562074179955,-0.18461046870335068,0.26674103861746323,0.8028104702328075,-0.20849221423390796,586
-0.4456035613213564,-0.20991468207278563,-0.33770710697875217,0.7719858838022079,-0.8094644788389976,-0.20321382355832096,0.23846359681334706,0.9685390605855062,-0.19360698195765308,587
-0.15443466046189205,0.34060499648538256,-0.32846687321211715,0.5954535216338424,-1.1412397140551525,-0.29736951751258345,0.1514617828222486,0.6517542830485697,0.10637117591127405,588
-0.2673172209174125,-0.4223217906884857,-0.7410803680526198,0.5231353226486668,-1.0678999936535145,-0.11034496653635074,0.363627125230137,1.2423870578241112,0.0714218427209644,589
0.02196002133581605,0.16306054851198934,-0.04071118945480338,0.475409302297927,-1.2845470427824468,-0.3710729358684003,-0.03488046477127653,1.089954554669436,-0.48599062130923293,590
0.3654723350137495,0.24351705822462288,-0.5000960694310319,0.025357993723283123,-0.8168246808689481,-0.25928812627386316,0.10065005275588296,0.5299943267619959,0.16263277856191474,591
-0.22050020229161876,0.2614595574520546,-0.02607183635533623,0.5623777312544088,-1.3168380017628991,-0.25640701464964516,-0.02301085695641096,1.2110318170712375,-0.5656785138786762,592
0.057826707557193484,0.1428664925680284,-0.35935761942457384,0.30578301690643334,-0.9897260351832331,-0.20958857376698473,0.20083969734150442,0.6758454293999805,0.033517493724609465,593
0.2846611675661873,0.5901173845278367,-0.4330178300674168,0.2655369313979601,-1.221177761873458,-0.35308104034819304,0.0680080533857131,0.6400545319010744,0.14432525524825354,594
-0.13886587903896344,-0.032808147067065765,-0.4125890773584127,0.4787081459742007,-1.033970837850608,-0.11614790592714164,0.5284258042907994,0.7174206469174343,-0.006054832777456857,595
-0.00581057795549683,0.4335830887493074,-0.1466537565947036,0.29607613841496083,-1.1550362939341667,-0.22258293366190054,-0.0448837313413499,0.6431842535774221,-0.3271715271917544,596
-0.038796247845502806,0.7295852333190829,-0.04466109140468251,0.5690333161669305,-1.2316073576685116,-0.32685886579179335,-0.06916289229294348,0.6308016584764947,-0.16436960747705792,597
-0.23987141048704616,-0.11322807399256314,-0.7479487816237173,0.32743467821971234,-0.6993866935531503,-0.07679514831856257,0.23120451368758785,0.6059996764451561,0.27789876584650464,598
0.11497871424116106,-0.4552734094731635,-0.4005686867824263,0.014687126956330397,-0.2047009876097085,-0.057116093999569094,0.20620054051549352,0.5847761997699688,0.12979769314159534,599
-0.1759335418651704,-0.11849951213686882,-0.4769148251553572,0.3114090569375862,-0.8044553358029987,-0.024894948508679373,0.45252983031814203,0.602432427512814,-0.03764700323205954,600
0.10963936569712973,0.3240019998765694,-0.29207838119172463,0.33478900246451215,-1.2282710869724143,-0.3198133252948468,0.05359609990567278,0.7136797895345421,-0.1769567449830409,601
0.33544086156871783,0.3037281255488593,-0.15154471565439231,0.436535624302635,-1.2147633456966147,-0.49709197108693615,0.027247846236987443,0.935523836116381,-0.013708530838505009,602
-0.34356551661902696,-0.504100181639113,-0.16226274895047346,0.6295861612786975,-0.6997288172385798,-0.2403669857457125,0.3725352742102507,0.9778662623714788,-0.2536509934781518,603
-0.3572698230143373,-0.4249310593119469,-0.47179148584795755,0.3635378158727666,-0.2908685163764386,-0.09728578758807566,0.26011060026590505,0.622355370811959,0.03308892494952611,604
-0.23144654875441165,0.5638189930220021,-0.12995551962586852,0.5974318027475599,-1.093511063515599,-0.16216224689434114,0.08579507995252557,0.5376769880764706,-0.23334514377216353,605
0.0252582280726904,-0.014794534837758666,-0.5512072966981408,0.4892023714965732,-1.1437567617872264,-0.25692005130287543,0.1254400618093759,1.1189171251510517,0.2508041742676347,606
-0.2595596631106902,-0.4465679517841345,-0.3390265155498448,0.20556710856777327,-0.24431653396518271,0.04892657887063832,0.18249745808447868,0.6995077377213005,-0.10850435545788797,607
-0.06968117531362812,0.128730202837889,-0.5939669030653211,0.36317923351861864,-0.8083359161165499,-0.06164576557970648,0.41893942473652623,0.3307708133768444,0.3085022107212437,608
-0.8267261057930356,0.09578739535659285,-0.8032253682574677,0.8565820533017813,-0.6452135947049767,0.06137654253518238,0.34708110362665767,0.40477756873536214,0.40059876441199377,609
-0.08173703085290357,0.13818300000116013,-0.3514676041200741,0.32737457757769234,-0.7179000855035268,-0.07561469269463848,0.3768070282907786,0.38594878002484023,-0.05032422219755813,610
-0.05249841882688275,0.07581946497230391,-0.32718334539527777,0.5353022179197691,-1.1900610590800473,-0.19033449952658382,0.2767552209725321,0.8746468896402898,-0.17980615707253403,611
-0.3053799472618216,-0.2899937494680621,-0.25040538630158415,0.6023350672370205,-1.1685804462972067,-0.20207134270639518,0.02176203879131336,1.327352059337473,-0.34343896116637146,612
0.13799575892547922,0.17210288869848323,-0.37745564772685075,0.2871340861800686,-1.0087094429107406,-0.34114923987650086,0.2573143187919666,0.754098399509954,0.08894373284222869,613
0.28957290991608936,-0.2365762760391208,0.04063877432916228,0.2889121027238377,-0.6029043178069746,-0.3998979629336027,0.14668994508378166,0.7857337270495539,-0.18267937589786026,614
-0.22436562761792642,0.3234638817251161,-0.4541957485696069,0.34984486239549156,-0.706316263614693,-0.004329710575560329,0.17831635694439882,0.4040255905777326,0.06422363193476444,615
0.045069161808178757,-0.3402511071294178,-0.3704737282427311,0.19835185264402258,-0.8246643872509607,-0.15760235308562143,0.4099001202764993,0.6859062269451507,-0.12935723814128844,616
0.06277345306125114,0.578218655127105,-0.3825863755615713,0.5378577725778237,-1.389217982988948,-0.16992319270890524,0.35998710971760384,0.43851351944570455,0.03906239233682602,617
-0.03386776142828223,-0.1585816123984863,0.07002389538082407,0.2681281945675852,-0.7146190693836234,-0.10420034797954823,0.3401342825586919,0.6792875110241844,-0.4937941313781407,618
0.2042532236436233,-0.004203882626184823,-0.173077454775879,0.08889881972843815,-0.6586492681820627,-0.2730489059811577,0.2863563929682592,0.4617559235115137,0.05655585043619608,619
0.007370082405769287,-0.43812386195319986,-0.09920527370076697,0.23874951806406,-0.626246362674533,-0.21341455272397228,0.18061665176126598,0.8974266047124483,-0.4691119551496855,620
0.13874701192106906,0.5537246432825857,-0.2243245454188761,0.4121194636461741,-1.3924637630296017,-0.38397093633305185,0.021593445918585773,0.7106356606024614,-0.16454460258211617,621
-0.027502993329804645,0.5931698279666767,-0.33899248973793483,0.46642988184642287,-1.1166608173520218,-0.21443173007074812,0.1437513672465775,0.44576680425219795,0.004713120557396278,622
-0.33818431744198196,-0.05534728133188306,-0.5796002853908834,0.46935599334924943,-1.0077895521367866,0.15376755442479093,0.6886800637247587,0.42195841435011977,-0.012716575837631482,623
0.08640904936555559,0.42931288193333095,-0.42414771689122355,0.2256396815469701,-1.141461297400544,-0.21436888886916108,0.1450682690840527,0.5958738928699058,-0.007862068832499196,624
0.020933171822409592,0.0792001068049519,-0.6272293211896591,0.3811414325460077,-1.0720783935506704,-0.13434201698345422,0.34640345689191887,0.5528585460472047,0.2606898061885239,625
-0.12344100919882127,-0.18506060582604322,-0.5977602968982811,0.5479935341589528,-1.002617479476449,-0.2527444176810782,0.21876175287422134,1.0043253179661134,0.2488638296017096,626
0.05953193155623487,-0.5230326079030784,-0.13290381804496887,0.047141321940657094,0.18337412732559208,-0.04465094194552779,-0.06000865047262111,0.5252015735130784,-0.08741089597974916,627
0.12082920090926208,0.24427461539948292,-0.0013395640139574484,0.4467667586745779,-1.2585625402247342,-0.39928184760651786,-0.043762696570492185,0.9206983823580969,-0.2839387376055136,628
-0.07218208903127377,0.5721955446134558,-0.7783350651129984,0.19535548195107186,-0.9187005893794438,-0.022892118305984522,0.26426056051618024,0.24478263169345,0.3953928073926147,629
-0.0897795166978609,-0.13679534624332015,0.055485763600058774,0.43472437383187357,-0.5136948601786895,-0.15095782206531094,0.2638411057549641,0.5383262442084371,-0.23138692752445056,630
-0.0883570404437203,0.7017138001455608,0.005080530665439937,0.39480897230491924,-0.791123066729077,-0.1279037115491794,0.09679661784631932,0.13994034438055056,-0.19974670545555476,631
-0.33358497106147683,0.08950967374046429,-0.6254138963695345,0.5285525998662749,-1.0081158356806454,-0.07326822095594887,0.32331954602478735,0.8414188978012764,0.16957765019906765,632
0.2721677225880768,-0.309579628668108,-0.27958282183494465,-0.034065064567507124,-0.02014739929807842,-0.026373746485908015,0.20728549756643458,0.09618353008348254,0.23117265034591958,633
-0.05692210892055271,0.3048795452571916,-0.16195105726978792,0.4162538944628351,-1.1564175690819314,-0.20307972859249712,0.17729498703068156,0.7641262200643675,-0.28354153691364564,634
0.3236283228858408,0.23672933207218574,-0.3130510743329973,0.014539011421503354,-0.7989299319343457,-0.23919763760441173,0.07421153412263688,0.566216471935815,0.055463983116923625,635
0.015771245877963237,0.05060422127820683,-0.3569948235936068,0.4415017883283489,-1.195321521112452,-0.09883208257640848,0.49012589470273993,0.5569808463298414,-0.04500635694307245,636
-0.14752974829889606,-0.16162552841051192,-0.3387658762588754,0.5474386547028136,-1.055862880910869,-0.26256106667948353,0.22042861533794683,0.961204541261511,-0.21973849907485654,637
-0.1030282820735382,0.030311652064270053,-0.3164307822523152,0.16348848240279956,-0.8626553443695427,-0.04010356889876272,0.23813679535605228,0.7208744744605963,-0.23444209014048425,638
0.4088748581232593,-0.06819083501375219,-0.7231911311158076,0.1316063000226116,-1.0117527985015244,-0.22607816616367574,0.623744173829312,0.485485316186358,0.5560602758707536,639
-0.3503423557933381,0.26903425756749666,0.11744550541567515,0.7289049658242877,-1.0062873590240555,-0.3521369352059043,0.04501561362512115,0.8529982695899889,-0.39904431341794533,640
-0.21152650284992308,-0.16138726158676264,0.13897055016052104,0.2746051055732608,-0.6467666863669905,-0.10438878486084228,0.03350233564594005,0.9033263332898804,-0.7625676085273085,641
-0.05281864803329776,-0.015404669875290383,-0.25671136983161413,0.4074790537663327,-1.0379464018523792,-0.21719834706531335,0.3622676628212603,0.7214114295948263,-0.09256701760825199,642
0.2895638786550635,-0.38102916319886065,-0.22134230655438797,0.15257295647699587,-0.4750390747261435,-0.31468990273011493,0.11398877462068863,0.8535392004857884,0.001336325010674433,643
0.2576736444093277,-0.3084580758947156,-0.21244686317015415,0.3421534223513189,-1.014564465612114,-0.29790856798344506,0.476962748361252,0.867234902140376,-0.04318915870359923,644
0.2918311075277658,0.15095266905346066,-0.060726426030820575,0.05569362860915394,-0.5214990478268295,-0.22486844516215926,0.2609659279497236,0.24242872090944415,-0.006864508892482476,645
0.2637505117627987,0.6561472542332091,-0.3923662367667541,0.2687809567719853,-1.2050532158475413,-0.2315001169682952,0.24149286594610644,0.24886800780333312,0.23393787848678413,646
0.027058708102421454,0.32574016899544855,-0.2262516328066867,0.4734232004534523,-1.0509149308806827,-0.18146388759744808,0.36922498024794737,0.47086837730374065,-0.08392731953041657,647
-0.08411242996104829,-0.21475122137292954,-0.35071620895768857,0.4968496682480892,-1.168580971205012,-0.23528302882604574,0.2413825188728554,1.1290230775232408,-0.193523967481927,648
0.3270253201445278,0.6637666577475893,-0.2555674826686007,0.29372354445831017,-1.3380669206226898,-0.3649802420727004,0.15582122606129672,0.6007690309838573,0.06686463882561941,649
-0.16581022644414373,0.10964674381634461,-0.4843029686557993,0.3530318910054346,-0.9263277690506808,-0.050420533570260134,0.42617042298288665,0.5855622336876783,-0.0003822373637491112,650
-0.07517159690654375,0.10471900111957123,-0.3800852389061517,0.38159774259077317,-0.972113841290813,-0.16692251913126646,0.2339924788214702,0.809648692243261,-0.1390109599306601,651
0.293770891179007,0.11650393379173604,-0.13731649769866802,0.19775929543803428,-0.9537972109422505,-0.2868248610967664,0.2053753050873066,0.6858551375539048,-0.11771839999759476,652
0.12300805215786613,0.15947897826064553,-0.11803763690920284,0.37545863505142657,-1.2211149278591034,-0.35001731998094193,0.08483021512677219,0.9719910207977905,-0.3312998429842507,653
-0.059406335985390496,-0.0677628438806199,-0.5345511295560956,0.4388623858601423,-0.8242936646272712,-0.14493212381726422,0.733785848889743,0.3470402500616082,0.3802279050301848,654
0.22439860842874712,0.6213835225400766,-0.6619081432413342,0.39310965033712547,-1.4265675894430974,-0.22027043521993694,0.36759402768108856,0.35122749229203254,0.3913782932314974,655
0.35379710557203786,-0.04633252123806498,-0.21735334528567088,0.010626156660233699,-0.39100901113830305,-0.2601559589290363,0.09346261625739907,0.32282447426322025,0.22160602349837005,656
0.2874361307735944,0.38034273247462946,-0.4327165391123145,0.23153112361386224,-1.1941562901926088,-0.21864790701975445,0.18498307591841412,0.4659361614469859,0.06682401462443185,657
-0.19709806602505214,-0.04566639042378553,-0.7201620786156918,0.3186051517514293,-0.7874666784076856,0.008030542552060276,0.39288523842449363,0.570916450112869,0.20300271389021002,658
-0.22343535134454634,0.8788626042208298,-0.05241043195387319,0.28946815952910393,-0.7385488689700882,-0.004346280300955225,-0.07714210576695964,-0.0009004027341017975,-0.2509321014486739,659
0.18059487820597278,0.12102221631467651,-0.34661390717916074,0.11810085128655969,-0.6770964381240467,-0.10776606962279511,0.3209931506624731,0.27095232047006207,0.11327592155312166,660
-0.3366387759052866,0.03665205293912582,0.026940224438318065,0.7246896070463675,-0.7486475590018641,-0.19629990096319486,0.179424806528814,0.6550391873906889,-0.38311240201612823,661
0.5400055466509637,0.39376855242193864,-0.3578406720867887,0.18976505044476868,-1.0967797709572094,-0.2771882883332964,0.4603165946294733,0.10473607245831182,0.3759907182438088,662
-0.1623706954306523,0.2897532347453439,0.0021971484167194206,0.4262431029605243,-0.8829629095624689,-0.18742068824689675,0.3381472374400658,0.42004328767541604,-0.19114641658011122,663
0.14001256898368195,0.2740150242469914,-0.39176534836684845,0.21413751008422763,-0.6736328568642863,-0.18616993397181011,0.14257728318096952,0.33676568174326066,0.19020589601286406,664
-0.32608532525991407,0.15979622981767008,-0.6450426936168946,0.57990401233023,-1.0259795351636387,-0.09555538689373924,0.16177918580987802,0.768433939186444,0.2764546725110395,665
0.0630367699632624,-0.0030565183544629614,-0.12319838401434594,0.3611527440512484,-0.901879670421789,-0.3158086017665733,0.025034394454130058,0.874902053811429,-0.24940460062003592,666
0.04589030445222066,0.44651654836105203,-0.1327575278288177,0.5648595415990318,-1.5293711441181532,-0.4106763133373259,-0.10299571408638027,1.132269010165318,-0.34377544658619874,667
-0.0422640250525481,0.43322670760384774,-0.47652840109753847,0.2435838231441531,-0.808107058119542,-0.03730388522496451,0.3793495384116573,0.1195911528137941,0.2534106852994109,668
-0.022885649163817304,-0.36950923126800267,-0.15789191829560772,0.16944479010751315,-0.07789696411530439,-0.04965580126710529,0.03673328825934363,0.487176506731581,-0.10510007545757317,669
-0.3013525465455203,-0.15528755103725106,-0.5415492088010191,0.5098882270598389,-0.8534965537328674,-0.17787162465396866,0.21594335477480253,0.9289621762075995,0.12491086323030857,670
-0.5246952982312137,0.02084099384709183,-0.12386220704340792,0.5423963471331231,-0.8820318197690773,-0.018872025125557947,0.03400374901541894,1.0203513585889366,-0.6431877029533939,671
-0.15255433844974087,0.0898552472640636,-0.5404491734994762,0.2843261546329305,-0.863493228859042,0.11186580964345987,0.4557875866224472,0.3350721720606087,0.03402923337280825,672
0.03906238227175699,0.18882706626500634,-0.19336743695928946,0.5708710925161523,-1.2804947307837258,-0.30078721991735835,0.2566017062218849,0.8055249832669913,-0.33606397985535785,673
0.14572447648031625,0.6581939192051333,-0.37890822879442665,0.25617175594658276,-1.0383209513179845,-0.2044878207774706,0.12150124659064597,0.34295548763057504,0.027107637080772542,674
-0.06140333822225767,0.10391959116986488,-0.07333420050877133,0.6472014943340214,-1.0267983919827068,-0.43388585367674615,0.06361309042715792,0.756203361950632,-0.12197462164691918,675
-0.22355320114055086,0.29659212224894255,-0.34494994102139426,0.4263823496815587,-0.7787389103670754,-0.09954114883788344,0.05048231595490763,0.6135673617930146,-0.05820760755370205,676
-0.44721418848842276,0.08220654374118216,-0.36790035801914706,0.2342830204206359,-0.6584107666441404,0.21072316463271354,0.22831265286669514,0.6032529854572618,-0.22294008384309785,677
0.03871693168164903,-0.2829210071716257,0.08724801812358056,0.12898739842357584,-0.4674446968225469,-0.14436594652256862,0.17784832736123463,0.7846195993927749,-0.5256376552091826,678
-0.3569021894719959,0.2826635692322225,-0.6879080080556224,0.40066259477987143,-0.9707688429295837,0.21932336488083237,0.5665027855717045,0.2897408315904418,0.13347864810262228,679
0.2091219170375003,0.5737374911057203,-0.45940918316641693,0.2767988700964801,-1.4152858736356755,-0.2807258795966831,0.1280557258850878,0.6340974319151734,0.01259346304422163,680
0.187134239212596,0.4480369208012138,-0.48019458805656673,0.3229443984928978,-1.521081629940783,-0.3719665862067506,-0.0055676637883018,0.8870797421077269,0.03254398369265954,681
0.1713860670922254,0.6499243505913255,-0.03581819039214902,0.5318017948889477,-1.1873809392970394,-0.42423163725629387,0.08922652892189209,0.6106104599573018,-0.025805229336308837,682
0.1751522778707447,-0.1327364600157516,-0.25589093391986145,0.28192179974509846,-0.6637415755355747,-0.2827962053912049,0.305823789019415,0.5892841101383576,0.16681614620228696,683
0.16232599959524852,-0.1910437041199166,-0.3125180718950601,0.29259966602732024,-0.9766967665179248,-0.12270183938894945,0.6914528163292364,0.5199433550808414,-0.03576086505508294,684
0.001432716220707538,0.3983720186541827,-0.3074784476828009,0.4789997220051521,-0.9369816862753978,-0.24840664723159558,0.4349339218731477,0.2483307124019505,0.1612127106178206,685
0.11433431878809477,0.30058584041263126,-0.11820861438110426,0.4409454714562993,-1.1840425523710494,-0.25140330471185196,-0.02225047939816,0.9049112926675481,-0.4041759132927997,686
0.0892180213038947,-0.5986014552326162,-0.2526333497926284,0.15390209696903698,-0.21646025583736558,-0.2204703487716674,0.09660257080888725,0.8332589838429196,0.06417819815555084,687
-0.003909223081343295,-0.04466098475936175,-0.6295701159657249,0.1947819165613631,-0.6595357273881086,0.05607643307831114,0.48906576894481857,0.24686840387851747,0.3026035347587497,688
0.15521868149680965,-0.5997232512006754,-0.09107209099968583,0.19738062674101287,-0.8171516398740186,-0.286427689666201,0.2663169281818088,1.228506599872587,-0.3996769101342102,689
0.2302519492076844,0.16354976101275234,-0.15615855927158,0.1653567736488079,-0.7452608730540279,-0.28570486209483487,-0.09425708212842637,0.5649124438547984,-0.12987069827491976,690
0.18050126227784932,-0.19057664302324243,-0.235639140598268,0.14594507795883646,-0.6842626803006945,-0.2505814364576932,0.37175498927334016,0.6136340896760903,-0.05784268999103619,691
0.05753297667120689,0.10773284523692399,-0.22178744995079347,0.15472698693190376,-0.6554141492083918,0.043793940283947175,0.5705418300460218,0.07848267949118548,-0.0833034553802303,692
0.28143377473431663,0.1064234660492795,0.14601982212406492,0.25798117240651947,-0.7577676578875688,-0.43052749451260214,0.059919570402845936,0.5877788152039704,-0.15644536731513908,693
0.22471340494511358,-0.35991569127498774,-0.3461622067448394,0.14931936648774355,-0.5198206017415217,-0.12033114172387056,0.3144712071022885,0.43447033553965486,0.03832680391192833,694
0.22845456556628754,0.47433597731474125,-0.1830695511099211,0.416118138274141,-1.397613964008829,-0.4354020944886157,0.02674361497588155,0.8013821073565492,-0.09949413475143117,695
-0.23361738843590082,-0.20306717331034405,-0.3398392645993175,0.5121268605107548,-1.2558460067760244,-0.22267185148102428,0.2013496425497006,1.2549831674233525,-0.23134222036108773,696
0.3114155620093199,-0.10415978949994513,-0.5158477368408569,0.33070527614920014,-1.0485688534622521,-0.3843705211664824,0.47309476913646503,0.5950699570183781,0.3695153982875999,697
0.3538102525387636,0.6597395918577629,-0.3376383468513854,0.39528474122166213,-1.2093546650993259,-0.28995911103103245,0.34452927729925836,0.2865947041695458,0.2334075602063834,698
0.10946683150929887,0.14481544094916596,-0.3187538830670997,0.1975675286070102,-0.8395563333548627,-0.13052484721772917,0.13813812005279094,0.37887823188741443,-0.041139424063536385,699
0.01797204356912483,0.012486834174320628,0.34740258068211877,0.6911547249469178,-0.9961852197533625,-0.47575699388673026,0.16111628723353885,0.9009759047642016,-0.3955442026799332,700
0.08539104432674982,-0.1646058901354954,-0.6197509610964488,0.2597569859469772,-0.8668768107101726,-0.1245813532651958,0.5119708503845597,0.5406028849442266,0.2058737684792538,701
0.003411621750060524,-0.2595681097624394,-0.6107227579042568,0.2257400366667703,-0.947477555582205,-0.13812653102362868,0.3491007741603413,0.9220489435886968,0.1530676483130755,702
0.347114821574418,0.1258378719289697,-0.07151170947597574,0.36931666443322225,-1.0959179945571298,-0.4884393296406588,0.07096653272235197,0.944101008639158,-0.18468378240050734,703
0.210101874601084,-0.2435618705171095,-0.6984825482227374,-0.030559611618812536,-0.5471137545333948,-0.03375930998827553,0.6049142750650888,0.3360338190090714,0.39087733543111286,704
-0.6277676418181211,0.040949605719523524,-0.3795819213775404,0.7884894918279509,-1.0485774366489218,0.030303428266189345,0.07002773638364582,1.2697344007087863,-0.5030335613129883,705
-0.14165996337792156,0.10085954597982993,-0.22980432841699797,0.505097170114994,-1.020323716420302,-0.0708237510644124,0.2951870319110021,0.580416096932092,-0.24006226937490327,706
0.08387730420659806,-0.5503228404971499,-0.30520857754781877,0.046290794032524826,-0.2345792884281204,-0.08866602109741886,0.07959862849816768,0.731172451065353,-0.07555502169761702,707
-0.45882426041076907,-0.12092656415508507,-0.6911454006961615,0.5846218429533078,-0.7953930765483204,-0.09228396747736127,0.28275470237910555,0.754591911780215,0.18583654046290365,708
-0.5322987412691842,-0.05643545094850367,-0.23434436450173957,0.6614190628432504,-0.7756426592063063,-0.0952505510874911,0.15311879791097305,0.8234810034120912,-0.31353757125663784,709
-0.4819599427280869,-0.483793746157944,-0.37700095126455074,0.5850883141693815,-0.726554946252863,-0.1352143964318605,0.3051439435610148,1.1026760097490762,-0.24288107697219669,710
0.4281595780547529,0.3813322468091905,-0.33972860463984744,0.16495384578191746,-1.0055411897585536,-0.2664171962306505,0.2820104994839354,0.2569338876105596,0.22815521930989233,711
0.11330319700353564,0.7152449876817357,-0.2402663302275701,0.49067312550792785,-1.4094233934151195,-0.2521230547587615,0.2816613602182984,0.3908317268654321,0.06062356133100663,712
0.23383561758866628,0.2253744271323899,-0.33782127888772356,0.15857884366200667,-0.7579140435064836,-0.10110724733094954,0.6223692404068104,0.049324874693109894,0.21761746613559663,713
0.07926461178899384,0.33131733086456033,-0.0880038733402148,0.3773535366352553,-1.091473922026694,-0.24649469641058036,0.00991180485890535,0.7637633127517811,-0.27372462666616526,714
0.06833355225913156,-0.07625938783591518,-0.03461009815836265,0.2695479245590104,-0.7765238810868311,-0.23374294809853327,0.16569526703380658,0.7717516811654795,-0.33182531063552984,715
0.1771340816772069,0.396406772780802,-0.08281737820608889,0.18579445463607153,-0.8859141206108012,-0.2363738331104426,0.03475917143860564,0.6155307489605933,-0.2007707091365759,716
0.03808614204973299,0.11239983510953365,-0.1964534790298561,0.5322685955918836,-1.1512408310102222,-0.5090363500717208,0.15251249217711096,0.922607418074404,0.006295937056946687,717
0.4878516777156335,0.2437106657044274,-0.5405356951794176,-0.022930773928485623,-0.5687400075821023,-0.14294213425954433,0.2267709265540049,-0.02040543791548913,0.5223291073737041,718
0.2889264249814537,0.5833737491172354,-0.2687540964845247,0.3724450411041087,-1.6021128731098098,-0.3734806514152004,0.134790205145866,1.0051255071062375,-0.047747001501595394,719
0.19214220435570376,0.6215588841356839,-0.23803816374939243,0.2985150846738219,-1.4012120747841414,-0.31542756470407557,0.03942752517162701,0.7932871284913526,-0.11998435872617334,720
0.19407899244510177,0.5449998329591794,-0.5064389771484211,0.3332050410828384,-1.321751218682771,-0.27465566415672527,0.15300502691794118,0.5231410886079894,0.0688272703659047,721
-0.41214079461122705,-0.2731374089206899,-0.11507809623150503,0.6892705409731922,-0.5537008409342018,-0.25624576714890174,0.46154084450213156,0.48416607830585107,-0.08944649486077985,722
0.4675422279502715,0.614215693556224,-0.44945258665983623,0.3106779134973853,-1.3384780971455232,-0.40963877358200546,0.13991343116521274,0.6081203189843537,0.21623959602650444,723
0.20434508133424695,0.08027531916030775,-0.10335357090314529,0.2782405971651446,-1.0575338170662778,-0.3464413633007366,0.12910963121549524,0.9282945781762109,-0.3011279424406948,724
-0.463941829618587,-0.12053785775700303,-0.4358032478837587,0.6821837926810325,-1.200546751148362,0.019605527478172537,0.47272806391370903,0.977786639697137,-0.22702279148708143,725
-0.2789811634356177,0.22984943145587514,-0.6228603179282121,0.5385695771268381,-1.1843172541452602,0.009786763530193086,0.3259281506185549,0.681008446681194,0.11324252599977903,726
-0.009693746811060595,0.17440918264207778,-0.3261530146459765,0.37802431772899736,-0.7204342428875878,-0.13383288170234206,0.2937653059927096,0.3334272877503926,0.10801420069295348,727
0.016208916949758703,0.19706579766994603,-0.9102681898780889,0.27049284065316365,-0.9520010565738679,0.047276300567599246,0.8238977004972533,0.02804060965082142,0.6641921950860157,728
0.30468679541478844,0.212953594079935,-0.24625292826803533,0.07397278606011355,-0.805245755574752,-0.2712924646112537,-0.016556590240001584,0.6002723846673407,-0.1077528518951081,729
0.09553503396218004,0.16620481767440262,-0.22998447078429982,0.3537790632382535,-1.2273615881206434,-0.2628885093524173,0.06743645075897992,0.9718950721437566,-0.2859693625810484,730
-0.18967421502438464,-0.35647277267188254,-0.1905313492410972,0.6897185354487424,-1.1532826532815663,-0.3103604880705671,0.2867372633746762,1.2983867956007749,-0.41558777257354407,731
0.1574021704828767,-0.33606365501766383,-0.20841046789031117,0.288051428590176,-0.7357700841045792,-0.27427893336949644,0.27007128544185144,0.7501549570620534,-0.024105360965647818,732
-0.1708496999045625,0.3671093083465704,-0.7957381956388339,0.32821102528093876,-1.1506527226182037,-0.054197295121345995,0.17824472093923538,0.6682768809182327,0.32974447404279134,733
0.41811809098185776,0.40277738578815575,-0.5196063885054125,0.2622149006303546,-1.1652990634297913,-0.250236545041731,0.43208021483655945,0.23372219513574177,0.3355041767816001,734
-0.15617038113180357,0.2384763621724518,-0.37422825606660315,0.27610674905352456,-0.7994389431394163,-0.04822393431119689,0.12312650914707025,0.5350729844419815,-0.034690232248861204,735
-0.03482512502934446,-0.271885529472375,-0.5530972335621679,0.28325335793626105,-0.6858895499906923,-0.13000725062560528,0.2718441748150695,0.8123445450695361,0.117829541127608,736
0.13678977757405866,-0.4930183052057572,-0.09985038950028537,0.030536179473591947,-0.14324703700680994,-0.1579049343560069,-0.008866432506813519,0.802125918011111,-0.19001695448148737,737
-0.11000157001796852,0.5714624631951117,0.0730409711629295,0.7530104252802309,-1.180215869290901,-0.3256475527700588,0.03405072552646505,0.7065755167497335,-0.32447318144786463,738
-0.06894513122941753,-0.21620953097550943,0.007698316397085143,0.4241461898371182,-0.7583252032152827,-0.2842274287117419,0.1819383668962469,0.8507139867391734,-0.3215796999276709,739
-0.18437183586979786,0.12645581349147036,-0.8936854024897618,0.23212359442038655,-0.8198568434933968,0.17984376914961725,0.4542754148495482,0.26063117201646124,0.41493811401610625,740
0.1967839999662737,-0.45447223518621416,-0.3285721041255739,0.25138229542378093,-0.7554256939014188,-0.29532001982572265,0.2634913070144473,0.937397220811692,-0.05825091369959454,741
0.15334086091363375,-0.24824160465261572,-0.3859072050377576,0.11666852316693668,-0.24051465447235273,-0.14629382411278483,0.1898236645805601,0.3591146452405752,0.20046272292177694,742
-0.38870861995614636,0.4305290411585281,-0.5645015603594998,0.4647743897237904,-1.1695795649738447,0.057068538790526493,0.208390250728367,0.5539687952746394,0.03100116262600401,743
-0.18010600209812444,0.5806613685147097,-0.07417386197372348,0.62203871481506,-1.1904358675584312,-0.27319392890924526,-0.009158758804075445,0.6661260267452053,-0.32280394205383844,744
-0.020352623116397798,-0.40788489529192434,-0.12614741063078053,0.2994859080765392,-0.42289874928489735,-0.25169055826813375,0.14452129593984434,0.6946733554783874,-0.13792725097251232,745
-0.01037570377626275,0.11539240238486262,-0.18721068643782893,0.2791984788537614,-0.7490360788350292,-0.17970219490827694,0.44466836388407727,0.3841023006437012,-0.03760899618965515,746
0.13606119672157949,0.5660145760394892,-0.2563386782169759,0.30569947492297056,-1.045336549334216,-0.23104914806681637,0.16810699349632877,0.39233794223948343,-0.03561999498259234,747
0.21228776929079346,-0.21763376273238697,-0.034361118086391716,0.231980004152856,-0.6728379658644963,-0.2957601459627014,-0.0999502631764797,0.9462374759435475,-0.08334382010767044,748
-0.08723071342594367,0.3528430275746694,-0.5624949839770996,0.5269410282582443,-1.0038423038325421,-0.08832242338331485,0.7635108813231756,-0.06610870338503635,0.5154873176510076,749
0.1552498683714673,0.6258244550711947,-0.3930376446313212,0.19403089915010518,-1.1654384269426779,-0.10934561727861389,0.3417200807062996,0.25426636472783554,0.058118051050007453,750
0.13123528305900403,-0.003935852566496503,-0.5416305360765724,0.30537415407860835,-0.8387455387092032,-0.11045696849255109,0.6759047871357816,0.3366097572972957,0.24298203843558017,751
-0.6837222656558607,0.20784733220521553,-0.3776180621059749,0.8307196135648215,-0.7958846746691339,-0.08109182356989672,0.0943087800909911,0.6600419036132166,-0.09498299519037699,752
-0.20070324199414463,-0.04976370986241587,-0.03137340283898824,0.6407003298917378,-1.1107175043879118,-0.25060361132257386,0.17465892957153686,1.0265784906631388,-0.420848471717172,753
-0.36815741820615583,-0.2502928965669764,-0.05385199888852083,0.8601544274661097,-1.0144683726602264,-0.42361095276170224,0.4499765881301475,1.0098643537504894,-0.09006736040854002,754
0.3880065204115659,0.34178285046887497,-0.13469322863596567,0.1622467828731529,-1.3069475045368755,-0.5192902536787221,-0.047387610602972044,0.9480674028146159,-0.16552872508201746,755
0.016263246313026482,0.6669997056232445,-0.23306700480622333,0.31285306897120735,-1.2375998153410082,-0.21063289230781765,-0.09832811835665568,0.7372021557156754,-0.19423613377944768,756
-0.002393384105516653,0.10579243896893485,-0.5265713262431614,0.3439611621592311,-1.1297518528310677,-0.10955350729835982,0.41148974982541286,0.6088245942935092,0.10133452224902204,757
0.2568779630111928,0.3777169418702876,-0.24301678802363877,0.4365494230158264,-1.4520578499696897,-0.4541229428156,0.019704253354174913,1.1287266853757418,-0.15282996699277135,758
0.29531723816720806,0.010320434679031614,-0.1335168771965465,0.22534690435675275,-0.7098007873134919,-0.3532085235751438,-0.03826997016860804,0.7190636354545773,-0.025671683657405946,759
-0.047450823617245036,0.44392560276113907,-0.3699338059759524,0.4945795284728788,-1.2916257543594711,-0.12137391951210759,0.34160588815587534,0.611079750526889,-0.08737860674877214,760
-0.28629322615351216,0.3587582075939235,0.011193646166744843,0.6316144200455486,-0.8940370301592284,-0.2650365502308048,0.07209056107089525,0.5296527130746386,-0.25423301933296294,761
0.004199946760720653,-0.7050629567551856,-0.2684196516699959,0.2387073383488191,-0.2488633069309944,-0.017112797073031642,0.31379030927530577,0.6403676375667442,-0.07651858797497264,762
0.41331901874439747,0.5748371835107265,-0.21007681028580266,0.38907671680589473,-1.0833994909410483,-0.5076277004077374,0.15945435305874,0.4758368136728407,0.22210833587818268,763
-0.28574114169234927,0.31823187481054643,-0.03083401151545119,0.4827224215046344,-1.0259760728002176,-0.10570290664065303,-0.02015324199632499,0.85987833135394,-0.5185281646797204,764
-0.6372712392106857,-0.36524813521721317,-0.5369090421479058,0.7885844404826308,-0.9999312139312163,-0.15430045647313387,0.2067427937016083,1.1791423318373206,-0.08632057989270725,765
-0.23589981851110292,-0.12468541147861215,-0.6870220889469304,0.18779529431911873,-0.6612281184016532,0.09490590963380525,0.2631325722406306,0.6777053625167611,0.2158992323023854,766
-0.20568403357519813,0.1799758447889417,-0.40891031030105307,0.5265112462958765,-1.0784390477633201,-0.1666834320997829,0.09797739134591449,0.9171694757156053,-0.11398947022918487,767
0.18278434237715638,0.49629005001820625,-0.2894379625655914,0.3335179556573625,-1.2629952863367406,-0.3040764901948109,0.17535181177291384,0.6839055826974763,-0.05041633871618126,768
-0.2779740716047777,0.49499651092439656,-0.7306789432469006,0.37496985854049275,-0.7931483231415049,0.017984636812312105,0.11687755480311575,0.399102940247696,0.31643650712725746,769
-0.16878034805687453,0.08840229836048952,-0.34094662662030245,0.6254797904561694,-1.0756619792118245,-0.2511043866436103,0.19758965935712614,0.8224984640265252,-0.0297426450027714,770
0.3694835202802423,0.3383314988515015,-0.12718307876122845,0.1348072640792085,-1.0426913023784872,-0.386622474100375,0.16594969624957415,0.4653413366306098,-0.030383341034088,771
-0.023544995456959004,0.5718815033773382,-0.3369495991000741,0.34876281642297857,-1.1784280433588177,-0.18392610666301082,0.05482397831085734,0.5739827095284342,-0.08445602932939966,772
-0.1816064197039218,0.3647749508351903,-0.23865739057473742,0.5298795575391787,-1.01431912362498,-0.1756112780622915,0.18793457966875868,0.5603558360524308,-0.009816893618349205,773
0.33295455426872905,-0.18582072187829998,-0.32506851117836977,0.04730931080295918,-0.5837495335743138,-0.2360022635160054,0.33070788732777734,0.5103963733009309,0.13712319408970713,774
0.1444287825136495,0.3717266026171492,-0.42622202846534996,0.23931603559803952,-1.3444532122697463,-0.31600479346812804,0.02485864341323566,0.8921941854485271,-0.13572904227108648,775
0.07554314612147887,0.5183612902519515,-0.3055993587003491,0.33221900689115536,-1.2334299362993733,-0.21022510207627554,-0.005617490657281647,0.6053361384295458,-0.12050883319678726,776
0.09583928129680001,-0.6826795196384516,-0.44854189760159574,0.06470578711995353,-0.04878506319498985,-0.06464805784009342,0.2558475164138289,0.5597195529677232,0.18486338112562448,777
0.15392922565525755,0.20366855535422804,-0.17861594817079623,0.278615157389289,-0.9695549713153901,-0.2544238232868543,0.021591307305752004,0.6770721054716873,-0.1203665084730929,778
0.047900357884436376,-0.412430451190199,-0.7129035687964802,0.3576777106851084,-1.1626884984634989,-0.2836979306071991,0.14220048485786754,1.3714389233110056,0.13119625182071284,779
0.3893140870686214,0.3067608290391004,-0.25318787586510777,0.24051231085239255,-1.1234694647182388,-0.34984312670546885,0.02853707734705849,0.6838077139502211,-0.02392566829940093,780
-0.21014646282329114,0.41766619795379123,-0.5840643831406006,0.5330317880997201,-1.084738525349102,-0.08763975520016891,0.21390433584731197,0.6020868660965887,0.17894287909384812,781
0.07203046047358802,0.7226249992185391,-0.37894914134355784,0.13904096255101211,-1.0140800635284906,-0.10756515920847039,0.1259482495721153,0.1838878139887169,0.058856493058552665,782
-0.38201037269823335,0.29181557445442646,-0.4989497915269223,0.6220359170830003,-1.3524456978099875,0.024519118420996754,0.16819652021436327,0.8353505825111142,-0.2111693549956381,783
0.07271518255626905,0.1386665525492202,-0.19457777744366153,0.010626675550279548,-0.5160413891298471,-0.022306914265524277,0.4350333756423841,0.17391285996667885,-0.09518801599997281,784
0.08465083551212003,0.3537555717085286,-0.008654693913645817,0.2978826117245089,-0.7375108312450891,-0.2063577563006173,0.007166060963107024,0.37503917586220675,-0.17453382880449525,785
-0.40700238942153716,0.2920729405180686,-0.8602219175833598,0.47864891397737225,-0.8179445518348664,0.10478971125390672,0.21742032591428037,0.48905172109820283,0.33771096016021623,786
-0.09461151450692874,0.43896816689573115,-0.26083063050747707,0.35445910429843824,-1.0421347328782384,-0.047508152061606634,0.2416098669392626,0.4110053203224163,-0.15382674232213953,787
0.11103384945621811,-0.08178898874572155,-0.46542845882508815,0.30125473366355726,-0.880893303502976,-0.15963848970112215,0.4433723304721641,0.44755982351573825,0.13746988691198284,788
-0.07468715144270524,-0.09718290960568574,-0.1500320980811586,0.3646447987255919,-0.9942040705237353,-0.1948431467191359,0.21275438347477008,0.9348206587841668,-0.3932739057475923,789
0.12092196547487237,-0.045119240699783326,-0.05548829910533751,0.29435952603572796,-0.8561666433815005,-0.2781962756639968,0.18086754773409136,0.7989337837175705,-0.3482179244021622,790
-0.39902634474788873,-0.1009847424780422,-0.042039182455117396,0.6785635438432154,-0.774284775752311,-0.21943732563305546,0.25997201396176683,0.7941067666869738,-0.2664426613037341,791
0.2870790852599588,0.44501680293090184,-0.19575871984415788,0.2604987963041404,-1.1018072723779466,-0.3479923294517341,0.015818480094798353,0.5589236613201018,0.02829671490629419,792
0.024005868976346736,0.19439693346712028,-0.26103071911338427,0.3198322647687191,-0.9022619062406443,-0.22313075617839312,0.10520303766685071,0.7194850505139353,-0.10565931957276614,793
0.02391686090070174,0.7294364714495223,-0.009068121552433995,0.4151787131748596,-1.0188468410553813,-0.26711216069525434,0.02131191248993865,0.4019323827712629,-0.12597467687341046,794
0.3257224418132351,-0.16398210318223258,-0.32594854860716466,-0.09393847645870454,-0.31842895735269605,-0.13060152697225882,0.09347759404214213,0.31487597400160083,0.11554760268660068,795
-0.19883257651497552,0.21756383333621918,-0.36238909852518686,0.48838014723894135,-0.9489603271445001,-0.11749266140756615,0.03645157931797458,0.7861498226389901,-0.09688444625976349,796
0.22867096320964614,-0.38751171357907344,-0.20926537140328688,0.03880817822902484,-0.2793025062341099,-0.15389397241928274,0.12414746633379622,0.6555075713611525,-0.06816386431619023,797
-0.062084078039954534,-0.23404720145246571,-0.4954157531428973,0.43215928048381264,-1.1369171534563285,-0.22496137067874275,0.023940731575331362,1.1553879725375702,-0.23803863990432203,798
-0.40664289992973723,0.1732330983025585,-0.6218462347286955,0.4501997782423668,-0.7404737255038916,0.1136538341379333,0.3398060364170766,0.44975744420464797,0.045510443962967995,799
-0.025767342890790277,0.4740508340087393,-0.3015276922749229,0.5464625340440054,-1.4363887610448913,-0.42154463625732513,-0.12076063960810805,1.1258345239758218,-0.27114410201913414,800
-0.1104657094387939,0.3784645075343882,-0.11427916403469907,0.4837573497738996,-1.0561844348586673,-0.22807092050725117,-0.030705163321301753,0.6612141810514742,-0.42326534912317365,801
-0.2474613889883969,0.2362694400800689,-0.3945969477259197,0.49808898250246914,-0.791132526436517,0.048741892483705404,0.306933723907895,0.3443045685081489,0.06587541756909282,802
0.3509734935247577,0.42565799916617275,0.07476914357813935,0.42144110129881557,-1.0149801203358497,-0.5880695475028559,0.14629441218889075,0.5285740057413438,0.0064458659049090455,803
-0.5481537862645502,-0.04664980230122338,-0.2965132928039535,0.645158389659094,-1.0738233381550226,-0.05640102681991488,0.05139197205752634,1.1742621601055676,-0.4584231609369783,804
-0.042464613147605954,0.2037990943561362,-0.0552365133104826,0.49736776259207754,-0.8230944555404068,-0.31849100233024624,0.07479753856735265,0.659510587796081,-0.119338290933092,805
-0.36766049189514477,0.18148082685296443,-0.413074713423988,0.5562209778663795,-0.9176514137080535,-0.057776317961882526,0.13655268824098601,0.6348543254093977,-0.07852069538270975,806
-0.01933588284001597,0.204915273651582,-0.549405374698648,0.3069050346162437,-0.82116839687416,-0.17790550632494379,0.21164314317999464,0.5144258234603799,0.2647147244808559,807
0.10550939854552521,-0.08170249164303153,-0.30534229791916345,0.3988614253051722,-1.099367905792919,-0.2549798378748594,0.2698818489603672,0.8838212550838344,-0.1349601105241973,808
-0.04301110530161752,0.22670026383053538,-0.26093772387470404,0.5548636902357755,-0.9044271566818927,-0.2712087293157135,0.07134538487214973,0.805659116538327,-0.12220293567079658,809
0.13761529391934613,0.15464570122554724,-0.07094385873024367,0.4441460279282618,-0.9969265701329006,-0.3312904365327657,0.06328453741317357,0.6388297021521583,-0.26149578901695647,810
-0.20833201243671484,-0.3051471869732462,-0.062132464350145925,0.4897285010585811,-0.9063904650376534,-0.18566981345099645,0.3526268234461297,1.0738395220912478,-0.4801397634185581,811
0.36613682495205896,0.3695774628046053,-0.29060194277420887,0.09543841987973928,-0.9915173974765608,-0.3180974351739976,0.13297442190420447,0.5790371653783745,0.09540318365316255,812
-0.27997918058464155,-0.3578958288491229,-0.022986544509790454,0.435050322185745,-0.46816252405149056,-0.0876128410905837,0.14846843203720023,0.8604108781708203,-0.43320501143544465,813
0.0685930897589447,0.44165797561028347,-0.4115417807706035,0.4464307518454937,-1.52233972248884,-0.3982751823008818,-0.016334204674769495,1.0961970608411231,-0.15428349308895428,814
-0.117634724788556,0.41568100209316683,-0.6980452745242886,0.29900434050239,-0.8463500549346302,-0.03831080361107452,0.1560354946783369,0.33936461751426145,0.29691334065390707,815
-0.0353934070008113,-0.1809474653179779,0.2890803187197693,0.4039464100845673,-0.5357622669138893,-0.3320044822801676,-0.10993304237998584,0.8629240539757604,-0.5215619957603957,816
0.29117743014039865,0.5380646752793306,-0.20617272094240352,0.21492161750426106,-0.9010396047403104,-0.17983875175513336,0.2885063551820387,0.09926748894619433,0.11331257907469432,817
-0.02496766324361795,0.2611167877514507,-0.0988519449741734,0.4954597348424552,-1.3252018210845806,-0.21193230182733971,0.4085953713184198,0.5786565449294093,-0.36638926080081063,818
0.08737055642234694,0.5038734534496446,-0.1830450555912396,0.3136204374722777,-1.069776522831942,-0.24713149942385798,0.036415380623344144,0.5229297508662409,-0.21918055729114017,819
-0.1341952118739502,0.10005909554152272,0.10423219160613569,0.4657827825788982,-0.8757731843047153,-0.1676045099021103,0.24579577044138962,0.576504521356756,-0.4637268774455549,820
-0.20223176036485196,-0.18666595446857331,-0.421409369130727,0.50943402170841,-1.16685922936999,-0.07810341498509246,0.4809986719097659,0.9747467495683749,-0.2764057879892299,821
0.40081657574337537,0.24307023352886367,-0.29367807387218126,0.13640020128096336,-1.076327081760243,-0.41342336498970433,-0.10004687562111496,0.9101848861672249,-0.10705509408394423,822
-0.3825643499028327,-0.07716017563803665,-1.0135806976675095,0.326693914474069,-0.6453855817767993,0.13909786642397864,0.33800132863554816,0.6120707919247408,0.3982107629845326,823
-0.3399933705101396,-0.0033480253223852354,-0.5241734563626963,0.38033171902546475,-0.6041569551689444,0.1427420937022357,0.3230726328280226,0.4199187302694095,-0.0012583161982586332,824
0.2718096222208759,-0.2916816181366129,-0.3128939393230742,0.08678264822915818,-0.6195230852849778,-0.28641223614354816,0.4719382090402318,0.5388978013792565,0.16529597173133453,825
0.4153383050625649,0.36272858456331875,-0.38744372784213377,0.1312739089010522,-1.0367906770637567,-0.3028806507321623,0.07344277246763635,0.49482101132813683,0.14725203622943278,826
0.027607556228152842,0.46773366291203283,-0.27520121748274307,0.4270334725776792,-1.0665769404766934,-0.25921094415325996,0.1527842011040387,0.6141510636206371,-0.022758314753557822,827
-0.2798885543320791,0.13084830476114556,-0.47874126787164617,0.4279525972372374,-0.9577371256334434,-0.01646051524111494,0.23940743383856825,0.6998705361660331,-0.03824883131560071,828
-0.7853233774732546,-0.15990462724430227,-0.8982610219990869,0.7782173638587967,-0.47068397765526165,0.12375573848818879,0.44363484529193675,0.44337661833549247,0.3817770295412591,829
0.31760249796301643,0.7808141606786371,-0.456245778300512,0.0960696853117509,-1.1223834210228298,-0.22796445248167815,0.17664802113113645,0.30032930745103925,0.27180695859268383,830
-0.11631685578759436,-0.006257151453645448,-0.6347433972505259,0.27047569359035084,-0.8028422015200829,-0.10719818244976852,0.1776857158163571,0.7341380386960958,0.1854257870478059,831
0.2563692547385586,-0.49640896812916474,-0.23559999721898453,-0.004514364637493256,-0.5090750452061157,-0.21852024431439457,0.37074580495571985,0.674923281541406,-0.025068757493704956,832
0.25717266825411567,-0.20804022042117337,-0.154433726619007,0.19744044908391722,-0.6759378210846549,-0.27828218627574935,0.218391766870553,0.67331791428793,-0.10754310404313548,833
-0.28530138834910623,0.02251929991711835,-0.45661741550720353,0.28834422030999396,-0.5019164267944713,-0.03525890334186318,0.12788008859639302,0.49495277627054896,0.021345363222773975,834
-0.47852431960584785,-0.14003171838220865,-0.7210525286367018,0.6391573850253481,-0.9999300574198111,0.06154167223678443,0.3310133283892228,0.8897142694254235,0.1697529426499897,835
-0.07979436540248218,0.3084577172834881,-0.6608893881824479,0.4222290511236192,-1.0664529206048876,-0.08510702451055832,0.40519286842673646,0.5584375991356726,0.22586163163161946,836
0.2875500494855395,0.06582166235251954,-0.1561051911999989,0.3294142074757667,-0.8701406419332188,-0.31596788695818845,0.1914389361189583,0.6309858681242084,-0.01682280637176831,837
-0.10746527333853854,-0.2475811910662924,-0.511599794968546,0.32996098982396055,-0.9545359250467428,-0.18705515323397806,0.3240977182625404,1.090229055106914,-0.04987571437695229,838
0.06705887177105689,-0.3692705486829565,-0.14013068968181597,0.1723081698797642,-0.48832044303757327,-0.11977629526896774,0.16114145266067698,0.7253695544098332,-0.24808152395756622,839
0.04787983129366284,0.5887662945420016,-0.19237151727158314,0.3112705646742457,-1.1890710856629843,-0.2560503314231871,-0.05406521670889545,0.7643028436414081,-0.26745418711455204,840
0.29068502762650517,0.4760727810726623,-0.3307011272815217,0.23028080610867147,-0.9783860461690954,-0.38145372439772496,-0.021872893862268265,0.40847715236289434,0.2060587777020467,841
0.15795232527693728,0.43795241652366296,-0.2682809629832588,0.30141273742749786,-1.3311026775567738,-0.29403916550107884,0.1910040475022546,0.7386132190109124,-0.17040258285149498,842
0.03540774879755228,-0.15236626234514297,-0.1411914412034267,0.33183708997742417,-0.671336928995389,-0.2241360991605683,0.15310118359573233,0.7951591805441731,-0.23221912568122047,843
-0.12451811745218906,-0.0036900294113606773,-0.4798955637153749,0.4380653902649695,-0.7370338204407222,-0.10307657702021321,0.3831410860829243,0.3911642656204004,0.22805325260876974,844
-0.11484589159610582,0.23125437064251925,-0.2299516563709123,0.5432552161908647,-1.2552203249006246,-0.28627558968631434,-0.06777331983198895,0.9652753976650482,-0.3938255565261564,845
-0.24271145132230557,-0.03471254490823818,-0.1236956541083048,0.6558672833806597,-1.1441518632165295,-0.2638156343453998,0.20412770867073476,0.9707892409776028,-0.2924087990489297,846
0.10505517584850786,0.5536836746780615,-0.2681420427237299,0.433062087680253,-1.4250945980861403,-0.28661256936466023,0.05060383463732096,0.7648329423150396,-0.1607498497544688,847
0.11836917534836551,-0.13877822209933938,-0.22081329464351154,0.3123420458827551,-0.7892476063473539,-0.14193003625395584,0.35900541615444187,0.5879049571135505,-0.07459069597095584,848
0.3432733469029266,0.48995242729318367,-0.7876971582710909,-0.1622492539488797,-1.0733242648037666,-0.15147239753361086,0.21908540807464533,0.4237494966301301,0.3684449789039295,849
0.20902321472968766,-0.29179347713421283,-0.12527511540319694,0.12444022316557246,-0.6754210633078173,-0.255462127631556,0.08906548919422047,0.8893858642836878,-0.2329010400376904,850
0.22608277391384646,0.42941065213798263,-0.33781012203900856,0.4267417871521791,-1.5183431433525525,-0.4072399946570008,0.11105606028505617,1.0360738756582168,-0.0077507563061658,851
-0.19110016600229351,0.40762235994436813,-0.2854538950393345,0.544251212328117,-0.9183108332501979,-0.2239688045121051,0.262059093531721,0.3573811067142889,0.07026366100032132,852
0.23812020651866217,0.11188270765642087,-0.46280964176064376,-0.04049709722748645,-0.4485080727838314,-0.041299136654090914,0.3840014573466436,0.05453427081191473,0.28478725825844897,853
0.021580173112011554,-0.5104035518954152,-0.09940641531858678,0.384748390691335,-1.0402767188754916,-0.3222424759639088,0.17307322335165476,1.2706794957168412,-0.4323611748590801,854
0.3654406845534627,0.3179914620609173,-0.6462851147846052,0.1496940353147288,-1.0175062937338533,-0.13392640330929265,0.7309390240372152,0.09379892694789718,0.537153590318409,855
0.04917925173459574,0.26332002892481743,0.06149351520767826,0.4385512194993844,-0.7816494334171271,-0.28913688670127463,0.06294789908884214,0.5595080378206585,-0.2109449931896581,856
0.1960614870781415,0.31668772659078925,-0.3147399296365162,0.35643537947863696,-1.357726532062473,-0.3530653227799844,0.1383725099280867,0.8926647223233719,-0.034069851560345504,857
0.270533553112971,-0.5658073721727215,-0.4355662398584261,0.03901376260898408,-0.6553509157392741,-0.2396882035695471,0.3613018419672439,0.8548197535022648,0.09650427155697251,858
0.0839917228918812,0.14849354666961886,-0.45217961747014634,0.3069988887511624,-1.163999079408756,-0.1851828717559692,0.34518464833264173,0.6420701437669328,-0.006873480486313351,859
-0.05683248659643522,0.05713292503310671,-0.38071487562691503,0.396391330652144,-0.8198632137627279,-0.13040880968236382,0.316641326533828,0.5555890410891868,0.0801515207778936,860
0.1022583652642069,0.4152273032475735,-0.2745749314544545,0.3400847495323638,-1.2406194650448694,-0.24611625521443214,-0.022449690297275036,0.7455286387939357,-0.17300062936727334,861
-0.4059399476207949,-0.6341146225853139,-0.357609802539978,0.5443688763360428,-0.654707291704918,-0.14836601047743947,0.23632701806541223,1.1904716877428863,-0.13727720137496918,862
-0.1104198969342627,-0.5835565814995998,0.10389974713127233,0.3801950294684578,-0.4567066084806846,-0.26291123203249017,0.16823282382158197,0.9354601564541363,-0.3611198316332886,863
-0.06633322489323137,-0.4134435443546489,-0.06153689276128985,0.3676840371841116,-0.6926880779466339,-0.18442211772228376,0.1975561662924121,1.0486417777891628,-0.4348981022253442,864
0.15176029717871786,0.2855487790863662,-0.24922160869041246,0.422163356305754,-1.1432238094404097,-0.24601218439892583,0.2313310800411717,0.5187792714717526,-0.1376883773844376,865
-0.08679321112404355,-0.4931280760332205,-0.46033082869167863,0.4758204792140325,-0.8423964085901681,-0.26074822096714445,0.9106801162564075,0.6337536749441359,0.29551082228391257,866
0.1945210561165393,-0.2092243875711853,-0.46493726875417235,0.07777871330875942,-0.5382457013034748,-0.14868864627167644,0.21242322100512265,0.6891465452405839,0.19884686323473025,867
0.007381441170449866,0.08816347210999942,-0.7061856913411889,0.3922526996546741,-1.1986366344143824,-0.23582978958543976,0.13965854620195572,0.9333956566271601,0.2093916824501585,868
-0.05781074604514709,0.38779392800186147,-0.18773256748663147,0.4594970897716369,-1.1843548597224158,-0.2533126548496823,0.04787988217915939,0.9318534474187374,-0.4054336530998873,869
0.31603433572445966,0.33786241693707353,-0.08752521588497494,0.4872747140040849,-1.1260657290213874,-0.5236844733560063,0.16055766043626696,0.7066209716721419,0.04385756280102787,870
0.13965798604005383,0.4064062929820583,-0.4295821431722562,0.4487789992857198,-1.4221841725982038,-0.23351818056953672,0.41504853956505455,0.5994667523356477,0.09282730995345752,871
0.16952647023519002,0.5220454353315526,-0.1762767341325493,0.4200284059321281,-1.1798541188351044,-0.3673388123528677,0.008928805016334185,0.5469200928952943,-0.07573110409109496,872
-0.2855186773875005,-0.25083459220727966,-0.4432841571603715,0.47317578197136384,-0.8209256786070209,-0.09148543437627855,0.31495773670770455,1.0008258216514125,-0.2041023880213177,873
-0.13070046144625078,0.32150860786426677,-0.4909381917067868,0.3381300739360547,-0.9802170310261514,-0.0828709846394441,0.08729243112566679,0.725829089647619,0.017038273627955965,874
-0.23078670258276077,0.209096704120173,0.11735495567206242,0.6781367431219518,-1.0214858233261404,-0.33120071966264886,0.015623390343204785,0.8672581657149034,-0.4769976547280307,875
-0.03493022967339455,0.046561758045431265,-0.17911609519587257,0.5353066282720641,-1.0392004404464863,-0.19283923362370792,0.35249459879570316,0.6932231359596033,-0.20869829555413422,876
0.15031535635102436,-0.1697073293423941,-0.5654792350536639,0.20563114415643086,-0.7162263000666199,-0.09075266576567377,0.796706115433409,0.15247047157568147,0.5546353415023682,877
-0.25193247186532197,-0.0027291232967342014,-0.5499695021994875,0.4327285212625405,-0.9896667021046016,-0.07759347755697309,0.14816609151906027,0.9298922407070662,-0.08097771702311463,878
0.12146172600946552,0.32498492376286703,-0.6313190878622477,0.23733557269903324,-1.2246162167811934,-0.25950367006095837,-0.004612258447618636,0.7061647358067789,0.12222266622721012,879
-0.55000423832259,0.3199767904965508,-0.569814796431051,0.7539820977922964,-1.264407677404038,0.07225831060754616,0.3522004050033649,0.5717137540071845,0.09099645276077356,880
-0.2794894842508822,0.314985368468564,-0.5742731330534459,0.5587339601450764,-1.054957357139929,-0.10421532428082753,0.034486456834056455,0.8345644994216711,0.15550567342767965,881
0.11451429723087875,0.2728216863063283,-0.14826003400073307,0.24663261773490205,-1.0045243237933963,-0.23284593625278227,-0.008667986652992682,0.6650931383953521,-0.1985308574903814,882
-0.06751676164421469,0.05710619038318669,-0.4062065694041261,0.41159791395613843,-1.0088783541135913,-0.17056129154316665,0.2274245103351724,0.7400280471351189,0.0467407041801262,883
0.15935166268485973,-0.24445800801918421,-0.20241945375455964,0.09080565518819708,-0.832592554745473,-0.23824877939372108,0.2753603335606871,0.8632693370053033,-0.24035337751308045,884
-0.0273795056055759,0.04383788606784109,-0.4965813125538616,0.4047067083854711,-1.0588881125370158,-0.17984710554083322,0.11388065404684876,0.9211781262330629,0.036144594939149885,885
-0.321312658957205,0.0535277499504978,-0.49595044565860735,0.4976297371553633,-0.9096402801311249,-0.05602214841394791,0.17555787891419836,0.8307643484751033,-0.11197858966918361,886
0.2706526947042029,0.41838926114482605,-0.4242446705795924,0.23112908676917876,-1.1915138955055828,-0.25462391511522225,0.3975414006086605,0.5010852456834578,0.16385838178858975,887
-0.05659749888474505,0.006594963212943014,-0.42085158365416714,0.5043262707221233,-1.110099689142901,-0.19722581342805282,0.39753326395476135,0.8488455961939956,0.020253026683225074,888
-0.15768727949999442,-0.4328892398207541,-0.3263413320027466,0.3600340716199565,-0.5545518819197898,-0.14771182022923493,0.22356564885800723,0.7665984650546092,-0.032386001938907956,889
-0.43074796391972736,-0.003961206218472024,-0.5997252565704925,0.503408405314032,-1.034024718254167,-0.015360992412904634,-0.10635131574557492,1.151791326072359,-0.038812764635274465,890
0.15428723762959598,0.19365228376229968,-0.382350564509055,0.48068829969165017,-1.3292034320813089,-0.4060761571820313,0.025709518784850525,0.9033927662017696,-0.09529409049420362,891
0.14818054952576465,0.7527176927902726,-0.22518858884741755,0.3121782769136503,-1.090004973545238,-0.2534304674815982,0.07126739999902652,0.35879816341732407,-0.022790555414211763,892
0.06911306968910638,0.10106904855981637,0.03691360699876707,0.5923638222801326,-1.108162711677147,-0.5257718137716031,0.26087322811894426,0.8209457202729559,-0.05472975376475069,893
-0.41185818079434283,-0.06051094970425986,-0.5355193410223299,0.4566551409541202,-0.796608351828773,0.03185725161974702,0.05519181502954114,0.9778572492925599,-0.10424639643244892,894
-0.21454987105578152,-0.11161046297127755,-0.2126740100910386,0.48082965721259396,-0.910270282659069,-0.13346629903286658,0.12532023200024592,0.8701357025639046,-0.3823849765840355,895
0.1965074145402916,-0.48906242986375975,-0.2375581388094221,-0.007285513894909348,-0.202739610510299,-0.14366404775979616,0.15135150456458327,0.5331166893455541,-0.058468414634751484,896
-0.15946392630649317,0.2983837472227907,0.048632312838409714,0.4772104647106948,-1.2002680756664243,-0.1830693089625489,-0.016758645139879888,0.9425639202151158,-0.5292378020099393,897
-0.08512323024638736,0.03501793532483696,-0.4759928958794745,0.32201670176755426,-1.0034365590016827,-0.05658174038460885,0.5250686692037465,0.5713850313830561,0.0690583956124568,898
0.1605190249445506,-0.019978275331813095,-0.38223252003348573,0.25615938567340996,-1.047140885675466,-0.125510400329973,0.609457949598354,0.530707323030516,-0.011663853951518576,899
0.2599613644634603,0.48483352281012926,-0.24268159069332493,0.32239136363784515,-1.1257342250302151,-0.3987962676042667,0.1134859744148355,0.5428887765429878,0.023335891077536853,900
0.20459312253887604,0.6014467608698628,-0.13632650658601747,0.5519870353459102,-1.4458980524919578,-0.4248795015184828,-0.1345677752767422,0.9170990324854498,-0.275505742763777,901
-0.002723730530812566,0.30807603863432287,-0.00568764893961694,0.36155390976900653,-1.0544298132460739,-0.19408836430035753,0.17892830829785633,0.6000891813193608,-0.30886931282420016,902
0.038645696905970965,0.3161260315974585,-0.14141165874973724,0.3260712041999789,-1.1870157901294884,-0.26035155448190794,0.013235850131980706,0.9926621523026098,-0.4024117373471723,903
0.34855186554289574,0.46646653976229835,-0.17436875684006367,0.30770783506315097,-1.204741937893828,-0.39693756955628634,0.2968533485843213,0.4852085802839519,0.0977976243329292,904
0.18432062682362466,-0.2701895453867363,-0.1419189559754605,0.17382450478629669,-0.6196394819795021,-0.25548960047189384,0.35612085924149955,0.6884936211324643,-0.10601019515852148,905
0.11844766830799802,-0.31718544434829465,-0.4169113680228295,-0.005359951734478992,-0.02848842835413012,-0.0354952876192421,0.07079309463409621,0.307552318809209,0.1910461617542044,906
-0.2284082837379968,0.45074821566987877,-0.45844967345090265,0.5629571718711521,-1.3232326469870255,-0.05237228405047467,0.23559792451655917,0.699502291173636,-0.07258005398551996,907
0.053303535522576044,-0.1289621837611623,0.055364729411226526,0.4894585110213396,-0.9992921706242699,-0.329104506681024,0.1384457926300954,1.0813639640661314,-0.3869502856767046,908
0.28749520940967815,0.4421405092171396,-0.31831147052007314,0.30090270740532926,-1.0526074899448894,-0.3122932265524732,0.08211956204998608,0.6583654129468255,0.05168462629332904,909
-0.030801853288913685,-0.01202483374132028,-0.19326805439060576,0.43489588441453364,-1.071879143703548,-0.31212245805451944,0.19415345024867942,0.9761274020096238,-0.1924773212972251,910
-0.1305161547324422,0.13018911409437975,-0.23275729421504116,0.3553011814286286,-0.9854080650224679,-0.13351382125423936,0.10815532669421205,0.8663121534203247,-0.2792598299810349,911
-0.1470108420043085,0.330884046642513,-0.0672498948750945,0.4151940828945554,-1.2113988271706795,-0.20137056472635392,0.07836499421503716,0.7476642608225225,-0.497937394437558,912
-0.06082812088476458,0.21404899290760665,-0.5610614704170187,0.2535303170119501,-1.0128577305049347,-0.13477458393487207,0.17512194401284428,0.6976507154020284,0.05778306994305459,913
0.040673136178806815,0.032048369477674456,-0.4634920686103926,0.346127500834567,-1.0290879958820467,-0.10404182655852043,0.544405111942064,0.5820913733103936,0.11796604567911859,914
-0.16402979695875633,0.417028171894556,-0.4932257207153041,0.5002166640542919,-1.073166503519651,-0.13128003332979282,0.13470223204514975,0.6803133173497257,0.05951535728976904,915
0.25513779433196887,0.336653842910809,-0.2777133914784561,0.2649783563174524,-1.4897030260770534,-0.38956792326177736,-0.0655413580534293,1.1055711127204562,-0.2756659941162866,916
-0.4940169187561798,-0.2048697589424541,-0.028896596019807996,0.8793821079431273,-0.6917684695892474,-0.3382807482131944,0.36264292557844424,0.7200011232379433,-0.2003427209505999,917
0.17565496328808208,0.3112227215565024,-0.3904581157096586,0.158820293674897,-1.2321721827037937,-0.2625196334491686,0.1194621336703363,0.8270767658705007,-0.10516108820932513,918
0.09032069452578048,0.5942909744996766,-0.1322155184600522,0.3703288592150155,-0.997308764540692,-0.23176864126428293,0.13514690777547128,0.3169138771066311,-0.07863287654554257,919
-0.0011429896264877723,0.45674937355615836,0.18400007301430682,0.3868883589274664,-1.1253733972383044,-0.24000191562811407,-0.05974840810264126,0.8096531784560744,-0.4888886481075582,920
0.265447041606436,0.384467467785283,-0.11969091045608433,0.3153672576444441,-1.2512973915853358,-0.3833243091536879,0.061441012771703794,0.6025966298228509,-0.1501977566880241,921
0.17373888653792632,0.5168574463543089,-0.2579813409006742,0.3752443458047329,-1.3140643435397856,-0.3587909759539351,0.0235606033288498,0.8122344480026047,-0.14002051466990234,922
-0.12391935946273498,0.5084985678898043,-0.37850862375825584,0.3981697967226988,-1.0680133088705015,-0.12183047539004993,0.0689218099554026,0.619878874515216,-0.05447115187961145,923
0.08627360062213156,-0.5064390935666917,-0.3021207424901259,0.2562133466964137,-0.6744187823165926,-0.20449897015445986,0.44626308258910397,0.9061197148902479,-0.001852201688468498,924
0.026756988423589617,0.2697403778923702,-0.43298326114762803,0.256041665140548,-0.790209200509418,-0.06936797694649108,0.334405807371475,0.27726532773076773,0.1303256936349128,925
-0.00878295119755911,0.16181008974725064,-0.5863820728632382,0.3339131440715567,-1.0422086481414774,-0.12501108507012276,0.2918802351941854,0.6667756385204794,0.21407083461807205,926
-0.13289841712630335,0.24048847300421697,-0.7166442948115431,0.33196102590548177,-0.8717700620035747,0.12293402648054813,0.6531731764745194,0.024780120771796556,0.4304767877768988,927
-0.2928304554714128,0.1467397704870103,-0.12977177405856166,0.49202777500601247,-0.830780553583146,-0.10761074322122383,0.11361969283086051,0.7698491537092934,-0.25836008323535137,928
0.06609908495528082,-0.1658155712124353,0.006936958883456227,0.2702603778985636,-0.5480303624077594,-0.26888259317843266,0.011462888353322136,0.8568531625776491,-0.26100099423616996,929
0.07171748011015347,-0.18184603275636288,-0.11868510745554704,0.07783127861236057,-0.4225606980394069,-0.0972222901999552,0.25038054490294304,0.5875318236211085,-0.22771579447862694,930
0.5381533607655404,0.5508012433690089,-0.474634120320575,0.024268125260972464,-1.2782990852307698,-0.369295805413703,0.08383058674789988,0.5755085307166294,0.17676042278199747,931
0.2107344473795965,0.19777012687366322,-0.44306376687321974,0.31459389202871263,-1.358553840945126,-0.29773053007179867,0.05332336913898621,0.9508063430660367,0.007476468528875061,932
-0.02749041866901661,0.30693703951298,-0.11696113078402827,0.6195761448236734,-1.034235813158018,-0.25831117262793285,0.16662123367292106,0.5958895006815562,-0.24209902997733465,933
0.31063703912505974,0.18014860304837862,-0.6139508014652908,-0.07137172810637481,-0.5464354281974837,-0.07444939956181562,0.44490359123438944,0.03425810734041194,0.4609482947836922,934
0.17081916219381527,0.6647808645664912,-0.33000123780784035,0.33435235204276736,-1.1921277444952174,-0.2338735249896939,0.12954252789140888,0.4844363713047998,0.06628184738719627,935
0.20568352667147097,0.26044273575305177,-0.11514783212285959,0.39970243577337805,-0.860020905668041,-0.45268246212064084,0.3133854801699906,0.4148250979286791,0.17038692955085472,936
-0.06845081246226543,-0.1626775315723423,-0.6349790466247963,0.4611780826785339,-1.0916634957738869,-0.2275986042297768,0.2224220835186572,1.0695562059568011,0.15877449939162375,937
0.06527996926704889,0.30966439070201157,-0.29466152918045924,0.4115502140689198,-1.0570985241779243,-0.2493466985806317,0.2695538926127758,0.5609833448442338,0.016162538301185053,938
-0.09301673274207906,0.1654706817046176,-0.18713670911682254,0.5155733733070876,-0.9672573453501315,-0.27860668007236283,0.3155287639181708,0.6703094988234023,-0.05978625414393359,939
-0.015522556264885825,-0.3655209537969114,-0.014429591640114918,0.35372798134914635,-0.7334479835466152,-0.24225461600513376,0.21450508521590542,0.8155658414861852,-0.32798426418492854,940
-0.08167172378433364,0.7816065633523243,0.020878670882702958,0.5554307855381648,-1.1819395124761969,-0.1557511421898967,0.07737510767605228,0.45817535517349595,-0.36034938479607465,941
-0.07661163377799694,0.5722947284433687,-0.18625527851947332,0.521983336217234,-1.3487362017182916,-0.2761194017085556,-0.09109687837423958,0.8219290604885761,-0.32828499381839876,942
-0.08266563301238088,0.8669974780053236,-0.32289081720817214,0.4153027781310541,-1.1398998080103313,-0.042240637739798796,0.24940891187061526,0.08973645920048438,0.03897419800615326,943
-0.08470509380492562,0.16288581036221594,-0.4506141618758289,0.44137845110049,-1.217890147194752,-0.20632007477760758,0.08553430018990832,0.9776304761327306,-0.009607362459131633,944
0.2234090903349602,-0.21169372295053318,0.27866597654639685,0.37663510082425267,-0.5386538749132685,-0.37835861199044524,0.2044260725809894,0.6535062507907258,-0.22088113912681423,945
-0.14864862122116945,-0.059391244220456337,-0.3986244003012599,0.6891657590981987,-1.116700784820739,-0.3715729609946354,0.13841659945748133,1.3505446655376394,0.0806057801909672,946
0.095879949806513,-0.16432196134136096,-0.22037022165499345,0.353707420493036,-0.9410414748261035,-0.1275595608305364,0.7355745189137399,0.5211738877592674,-0.07178486481803188,947
0.23986609379483184,-0.5204531364997174,-0.5541077239287089,-0.16297298971165775,-0.08898893304826339,-0.05570820952327891,0.1336465584679499,0.4858609882907459,0.22277196414896813,948
-0.48232229670310217,-0.6639248687343607,-0.031062948405883837,0.7881918240854101,-0.7576683037446635,-0.2832007036675608,0.2740436698920955,1.3242756977100083,-0.45611761390351085,949
-0.24056065846903069,0.15243980822947742,-0.28783124895754053,0.511780390612095,-1.002129635747462,-0.11025317339176242,0.17726174839462275,0.7704730172135522,-0.21587571472649933,950
-0.27212067948904506,0.15780801145575318,-0.5251880645397118,0.6398206628043338,-1.155505597767273,-0.15244108853420738,0.10298367985370915,0.9355500961716964,0.12998743529714663,951
-0.43901492566643857,0.21984338122607056,-0.14994413133050444,0.5913175901634847,-1.0522842837197406,-0.002400493857994053,-0.011203095385971267,0.9173659462615236,-0.42937417701784303,952
-0.369494874455949,0.24105503419298277,-0.5239701322491093,0.7719543782270203,-1.3134004666193868,-0.04877981989982849,0.5843336059938153,0.597018870936459,0.2014523055939456,953
0.2060613956146715,0.6081126306653751,-0.23999875986967992,0.5044202221894591,-1.358024900325691,-0.4058925154593352,0.15425184774585485,0.7888250499048414,-0.05435534149748253,954
0.28040894419289586,-0.06422230519979444,-0.26419203700546706,0.05105413752431649,-0.3177056224380769,-0.20350763833573776,-0.1272462620554374,0.370898867723613,0.0752208783845359,955
0.13008107181564665,-0.3737526637021363,-0.5517133327054823,0.4652894521114338,-1.2305510580950751,-0.35594917678296956,0.24988261416222313,1.3681440304700672,0.0650979865307084,956
0.09376954985243217,-0.23341624214956577,-0.2619147873916316,0.2646166036263493,-0.728273013709252,-0.19637370196602785,0.23420439965779033,0.763974028936807,0.03540807285256472,957
-0.33680233197570064,0.02920530180625205,0.017207597453395788,0.5957769969111966,-0.6741265216582357,-0.07044282389983804,0.44723384271383315,0.5067080135965126,-0.48499675074319976,958
0.02358345097896716,0.5079095944732722,-0.3958125331137882,0.38061057328127973,-1.1614741132468533,-0.20274159729529673,0.12461791919273486,0.5311727243700977,0.005374377800974465,959
-0.1793597598566768,-0.029122856545176542,-0.42369646806715777,0.21682352991826603,-0.5735627011244561,0.016675665528676175,0.21781136777639068,0.5170852164687215,0.013891831010447685,960
0.22529336099775402,0.2706779808338043,-0.3559648189733492,0.4697605882364949,-1.2878570514498224,-0.36529091435550304,0.14009928070818803,0.7071617978514966,-0.06496724444645494,961
0.22581292979898224,0.6518258906879726,-0.45301359075421904,0.35121630429133277,-1.3336692425064143,-0.11865937316829549,0.48095365744962426,0.1639323132623268,0.22113530362646217,962
-0.008279672856070083,0.7232840935016838,-0.16390197260840783,0.4800501011441453,-1.4017189254852467,-0.24663597730786604,-0.1670502649319604,0.7433171402809432,-0.2433569673524686,963
0.21006273005890502,0.43689776240029843,-0.292440466660439,0.3016547305136634,-1.4084014074255247,-0.36120005006298356,0.09034202176481569,0.9562665119306374,-0.11686445536059069,964
-0.243446755733424,0.12380720617720169,-0.3409367946012103,0.5226845720799929,-1.2324934995101489,-0.08053362410928513,0.23574959432725526,1.0237550667014883,-0.23812705491260142,965
0.18771320769534894,-0.30053732091406793,-0.3626992953273677,0.12895653951882396,-0.6824646536638536,-0.19906121442123076,0.2261720126683755,0.8233267334293765,0.030938348950130208,966
0.16516729279760414,0.2707151648223324,-0.05642858765386211,0.34756385341168966,-0.950039731844742,-0.24299497792408983,-0.024517041325094746,0.764869373337735,-0.2899157311294901,967
-0.4065089958653182,-0.16759316512300915,-0.4999696985813043,0.7055037239378068,-0.9252181095009524,-0.17761067963722535,0.2114773773281144,0.9326348306196974,0.006570350596924944,968
-0.04396161578542058,0.14915344252682186,-0.11336505256234643,0.4739434584108535,-0.9963290912469197,-0.20035060872642416,0.4386719033862115,0.5437438301122025,-0.17062802259099613,969
0.1568097390943079,0.5219272182091373,-0.3929812632043409,0.22172296489398327,-1.228763377952456,-0.23385029683642766,0.013459129450565039,0.6864553038988425,-0.05183947188229926,970
-0.020684850486704848,-0.04421752921993866,-0.29017144929177546,0.3771986695146651,-0.8397930790203484,0.0067005836291620345,0.8443610440994612,0.24578198671380544,-0.006362008004068289,971
-0.10128896208019067,0.39213296011352167,-0.4278837499997821,0.44071846486937294,-0.9682959388041249,-0.24608090656043702,0.09184553971133654,0.6605185647656336,0.09588790635922202,972
-0.1074787018208167,-0.1927054010538724,-0.10548408374628945,0.3602418260039664,-1.062414688645207,-0.1874348232894964,0.2561096830484669,1.1864805803582983,-0.4768149407768295,973
-0.10662566866287113,0.4702930581264256,-0.19122603914794334,0.4716464751701783,-1.3989064891796958,-0.1250182670892701,0.11206208359651883,0.7494816273199818,-0.29066709554249026,974
-0.12047340470248423,0.39153746224351926,-0.025147257268826953,0.4215368398343484,-0.6190107543801701,-0.16854801855153523,0.19520927622671738,0.19579171081100932,-0.07380542970746758,975
-0.03481594599974587,-0.05712560840609839,-0.3261293594507295,0.3341415696578634,-0.3323624681300788,-0.2175019622303476,0.22784426801321198,0.3247651123882683,0.3006699310376285,976
-0.24669203589201846,0.27155649705740426,-0.18884676398113556,0.5697819704385592,-0.8981947272276671,-0.12576263456343442,0.004784467573571295,0.7353477539910828,-0.17271398832500975,977
-0.11330217448292122,0.1114464834766933,-0.4769081534702216,0.46638976294539936,-1.1501029531467724,-0.052921660823799135,0.510879313154594,0.5979238033475234,0.02273993260367282,978
-0.029114713756861667,0.263184395137485,-0.05849848280846221,0.309064096231568,-0.8783628871766749,-0.22698612199522902,0.17700869072643835,0.6557547622054819,-0.32299782996210946,979
-0.148630192739812,0.4085264829864572,-0.37652412179154754,0.37997516663420194,-0.8971621057114172,-0.1820342486093401,0.06697363310171776,0.6798674948497208,-0.05179155289042299,980
0.3522796071919013,0.5631224240303903,-0.41537096386048056,0.09445466817771668,-0.9811736465166497,-0.2636239890977832,0.16827632114608315,0.320132713220258,0.228914364861459,981
-0.11693119308419937,-0.3816858185054998,-0.20427296694949537,0.3703695004421753,-0.4041653273881961,-0.1325571974432931,0.2052074050420784,0.721988276925892,-0.20806499422475674,982
0.007464334270202612,0.1807027174005159,-0.22170199564670248,0.19413881663426652,-0.5755126750554596,-0.13718762600537768,-0.16033691375749998,0.6370224155318686,-0.12558476782855318,983
-0.06326912558364163,0.29491595998677067,-0.23767895819101062,0.39295791735773805,-0.8004555239826502,-0.18217701393126998,0.13019137820390003,0.4251686982023318,0.05430234082908718,984
0.05212112962158291,0.4969928373654858,-0.3276834978613779,0.5154178624646019,-1.2870016282494765,-0.3449033196373078,-0.05209140963883761,0.7450432658403143,0.0026780095667612233,985
-0.4575098041193057,0.20099838684866897,-0.4721397736737256,0.6859609232275831,-0.6537415031198978,-0.11383422949499368,0.36468314420178777,0.2225746068375178,0.27038709527306054,986
0.32624010401046033,0.4845426836051646,-0.4438158646014251,0.19468719082082878,-1.083559219914707,-0.25041925807021176,0.18507251594585775,0.29011511483624314,0.16644998370374578,987
-0.014176730807193396,-0.2824123563301394,-0.5671630683310336,0.4295637080319904,-1.1558026699092623,-0.26035262982287344,0.29926487315462313,0.9874257468343012,0.005496197416299008,988
-0.18829022894577302,0.2117646215800376,-0.3940372170394629,0.49312658493806255,-0.9682350804916356,-0.13572216300993362,0.10006916258812493,0.8060696754210896,-0.1397027462506188,989
-0.6253352922151117,-0.2335873485524843,-0.7580648027723352,0.5127384109499135,-0.6282126318823622,0.18887616200667248,0.22656561017614238,0.9240897821697156,0.0045796796349620835,990
-0.2326008738950873,0.6062881121898303,-0.020677269914987327,0.4253692441983964,-0.7797601170842127,-0.039047428260031804,0.21365191527188315,0.17442650944910768,-0.2336094307476748,991
-0.19104408743978518,0.13702568982921337,-0.8979364174550899,0.2869730149280315,-0.8835584280285418,0.07807820318503471,0.4816847239978241,0.41253089297403955,0.4602878590613349,992
-0.2835023640764581,-0.09794371339080894,-0.33671997582246055,0.6225067668145635,-0.9262018749750155,-0.15569522131489635,0.08360972056061884,1.0711172772334208,-0.1815130764781801,993
0.11875792860698899,0.7069593439442529,-0.25253851895009855,0.40304697585602256,-1.1859731870636272,-0.33589506709854516,0.022603194139146278,0.5809690424371727,-0.06650738803360168,994
-0.16263808878749408,-0.32901318938378316,-0.38926636908030227,0.4012511873173866,-0.7190715482428458,-0.22678593648398135,0.3358215367977872,0.8114733757489665,-0.07498854313526541,995
-0.08115773000375577,-0.10391783163344788,0.03394834354597769,0.23601541047613095,-0.6024669369352577,-0.10534421102204354,0.1679057169057838,0.65280148464502,-0.4441352168033461,996
-0.5252997775499176,-0.07317522311072246,0.015521335742020251,0.7800495282565556,-0.920214494240706,-0.18469772657447042,-0.014570612553767494,1.0643506342166742,-0.6418736537813247,997
0.013705381669522055,-0.19786999623431667,-0.421645453083421,0.35806730161256844,-1.017922803815311,-0.26649862282042097,0.17928198364570638,1.0377028920255282,-0.08144188272245417,998
0.11137453495647365,0.6096956520518982,-0.32453760849669777,0.34109904702584865,-1.334510783290282,-0.26474552987738603,-0.06383685616449154,0.7687980518750381,-0.18250014323444613,999
0.2021149218780618,-0.36705549952498484,-0.29039994245595024,0.09950928849376742,-0.5110560884595514,-0.2357886298621272,0.10160631531185645,0.7631745780604551,0.07767235556034538,1000
-0.7615772334574032,-0.06607334557981348,-0.4001916873038163,0.8821510243072915,-0.7413483156349142,-0.06492872914952509,0.24461032965012053,0.7475039796880883,-0.10004223407492484,1001
0.3144755746919347,-0.6157192386350796,-0.6979363940225747,-0.12247599579844295,-0.07247546205068815,-0.11690481608660323,0.045575194019131966,0.651681906851936,0.42550228917295274,1002
0.17384054735970747,0.2917717325229925,-0.35184716568329544,0.41424322113426293,-1.356910568376061,-0.3151540368974496,0.24707471034691483,0.8173648963351497,-0.06411377249041374,1003
-0.5645443156860357,-0.2074366248282595,-0.6518766027302528,0.7376417949899859,-0.5093121173671471,-0.0930853022512266,0.5638475133609596,0.3555014532473213,0.3491165237061395,1004
-0.19995135837439526,0.32618418308567876,-0.5984678223520526,0.5312682263759356,-0.9543264588767061,-0.0315508091182423,0.5746552826721126,0.2095489692563358,0.3924985774992278,1005
0.2264512574109361,0.36831528875586894,-0.3111586129620426,0.16868192976491306,-1.1412212465264486,-0.2601109474055568,0.01996705130317522,0.6964062904748931,-0.15808348795534585,1006
-0.039700227395364406,0.08592016836095728,-0.34995524971353453,0.4340518795615556,-0.8989406409314598,-0.18334502464045233,0.25977333675553993,0.6263315788012545,-0.056330908049673785,1007
-0.013053479257011698,0.5418213654505314,0.16663417291855934,0.45993500534308973,-1.2996457810709068,-0.34151311263970563,-0.078219741077491,0.8499525643954603,-0.4992665784993905,1008
-0.2637087006623474,-0.07794497515479172,-0.42633802099936424,0.6631667676272299,-1.3890842219981796,-0.10210243636820872,0.33374414110194817,1.0483752042550378,-0.15824312482555514,1009
-0.31096279968233836,0.36062835603084087,-0.3649182341138212,0.5638221078029166,-1.1129539584757278,-0.07606291672769525,0.19486430012993983,0.6719248287314202,-0.14271210946086954,1010
0.019970743695463433,-0.028702869543263,-0.37443767748227197,0.4943804119606082,-1.088015009496773,-0.2805736919323058,0.3749151234902619,0.737598716589473,0.16289293953438927,1011
-0.26390054004925706,0.16404612237315228,-0.08255308282702149,0.4727472879305252,-0.859140306877176,-0.10195943386817152,-0.08923903006653745,0.911652556236498,-0.3806782745479978,1012
0.06131987624953728,-0.43865195974238685,-0.20267882278692115,-0.07702955741173653,0.5566614861141638,0.045397164310742893,0.03770000151050612,-0.054337075969833205,0.17813957581503112,1013
-0.290355949506962,0.19180077633156375,-0.5680615378464471,0.3041987080270347,-0.8304546343480468,0.14322242105597371,0.3489910541101753,0.3779253152322893,0.051320338926570515,1014
-0.2838643375232179,-0.19966917194244035,-0.7252571880725958,0.5836986283941945,-1.201406940425809,-0.0315580197416085,0.32917558991813967,1.0673624518614637,0.18788058562769633,1015
-0.5399445035427624,-0.19406829524472152,-0.2834192048497189,0.5737592215872512,-0.8880890416569857,0.05536283239411266,0.19934896545166964,1.1901162475903628,-0.5204000487233855,1016
0.20029801268320008,0.7761344621721342,-0.14262924322806814,0.4611956588336951,-1.2245026372015992,-0.3217680357289232,0.09598394268881137,0.5074435168212755,-0.07579293681114281,1017
-0.027000581924891576,0.0816370391002931,-0.5499674649204206,0.39319334222792,-1.0644635249611678,-0.2027220331310362,0.21253206930250268,0.7632317892704729,0.13515529484688785,1018
-0.12250205116539659,0.3594758572580131,0.027275776229259103,0.6256956462684518,-0.8730477515709253,-0.2704349793738949,0.12955495431408268,0.4851809384460723,-0.19324109423898836,1019
-0.1359378976749945,0.07041221053241238,-0.31417842647237737,0.6025989821104374,-0.9697354779252152,-0.2545447830742231,-0.036074960881758635,1.074131835185486,-0.015885385656447763,1020
-0.35383347369085993,0.18998248206355833,-0.4387832364634944,0.5007772344264234,-0.8991424527485754,0.0012870497599800604,0.24614808256018467,0.5963200946704355,-0.11216609527855144,1021
0.059375617006467325,0.5967344561539588,-0.3845909420616717,0.4418269055870895,-1.2491745789128033,-0.08818750145813349,0.49810541979575934,0.20360307635509856,0.09038142631771123,1022
0.3734886578624106,0.22516594238524162,-0.06205805958723041,0.1144428423723113,-0.8127755099910604,-0.3473412124340972,-0.05208572127567579,0.7261219709293847,-0.1751777549564868,1023
-0.17268305993718294,-0.35509759649435113,-0.2348904617852427,0.44685684085554794,-0.8669605349391128,-0.07763502300003006,0.5097161217025903,0.845070887899805,-0.32695535793051783,1024
0.06482393943969948,0.33837260926238444,-0.42032766747919315,0.44377736567799264,-1.3924896798957322,-0.3346420234477555,0.051764990187483206,0.892810436341388,-0.06545508769203814,1025
0.2079357000778683,0.17281757855452767,-0.2375413533174826,0.2855783792046776,-1.0488581530313177,-0.33671654422730274,-0.023244418500589524,0.818676895809972,-0.17548165184293882,1026
0.05876069722685508,-0.2697851271219177,-0.32215970458265936,0.35721597977651076,-1.043028434824333,-0.29978999333262973,0.22905104282484245,1.0294756850103708,-0.1839854746329348,1027
0.10830154906543542,0.3400898071535421,-0.6375208244422259,0.2344814278795064,-1.1436252064943881,-0.06246474014480171,0.5109816732709314,0.29314067037206326,0.27347012575853663,1028
0.14979740983799789,0.3329522971059336,-0.31490262158470195,0.28883161814013236,-1.1948168807674424,-0.2797746728006346,0.0892553848560057,0.7204921359610565,-0.2309580662496371,1029
0.11419407673710621,-0.06850130149558406,-0.09851829954081477,0.37571648396445156,-0.9744504506424152,-0.340051775598057,0.35931845268767215,0.7062859196179662,-0.11865956519395553,1030
0.13119201514287884,-0.19388129541970908,-0.29531984095123853,0.22470820253567483,-0.8671764731682019,-0.18344624620072983,0.18966272589348546,0.7830521861690021,-0.10490052888699661,1031
-0.06722457170077037,0.11501248402598017,-0.24048210347615298,0.5508865235618707,-1.1337446109738334,-0.2553303876840796,0.28640863704480385,0.8766373158814478,-0.2439480576553628,1032
0.10195170802724636,-0.13449773882372432,-0.503699527444125,0.27620348849122567,-0.9188324668201672,-0.26751781007783176,0.08884807192447583,1.0732666748388675,0.04751249298740126,1033
-0.050858947704681974,0.042448691007784076,-0.01872029979214042,0.4582617809305249,-0.6781177889744326,-0.23867176150122754,0.24897713472324615,0.5058314700782066,-0.1706602429075777,1034
-0.15450460227882187,0.164165637760643,-0.08307112919677805,0.4940144971605205,-0.9911733996708844,-0.35329793114702085,0.23205460557281662,0.43904642959035156,-0.05533089413082278,1035
0.010853337206193038,0.2912496416978721,-0.3946886036984951,0.4674464382719045,-1.2157280013390963,-0.15899954907712197,0.7711437810420999,0.1924408207226278,0.2586418307904815,1036
0.02050378095023996,0.525837778921845,-0.21221195251178734,0.4941048979644908,-1.2194134902765124,-0.291120310642383,-0.07403674736565358,0.8534661652615263,-0.2539830245468359,1037
-0.09823817265520307,0.009304633835602769,-0.23767983881915036,0.37847518690457455,-0.9246134262635706,-0.20904680587173272,0.13556439709665732,0.9095891724323674,-0.23474922143749014,1038
-0.307963490510261,-0.007553858870165796,-0.32860375840697215,0.5493818186147422,-0.8610706919885941,-0.10485736620167259,0.15405689051835467,0.754447680728471,-0.16568642602063002,1039
0.09381249530586201,-0.00030965288760605,-0.37155987314219696,0.2680494450255418,-0.7339543758353182,-0.20334836480651214,0.27416092538374737,0.5175852480449503,0.11240929027381828,1040
-0.08474273465180739,-0.22743175095167964,-0.4170544744282654,0.48089557177118875,-1.105385518076245,-0.22381889206780745,0.2190483586529984,1.0724272316729961,-0.14630732352131692,1041
0.1756487269168459,0.44737910701785816,-0.07716003252185333,0.39872484871144176,-1.1230446317630987,-0.28199210554902354,0.09484942614886911,0.5351411602638303,-0.24129797971378777,1042
-0.1070582946311301,-0.053035531826386186,-0.30356347211559354,0.4253585765350119,-0.89235841314094,-0.18633910890501346,0.34122729676821684,0.7293944846770068,-0.2395282296179507,1043
-0.17760184778777952,-0.23105867033158858,-0.2753362993484331,0.47188734635222346,-0.9316911982024991,-0.1843947506152014,0.2474278306604386,1.0325473954138649,-0.38116597232938654,1044
0.11796865717897101,0.5544930289181806,-0.342134703369929,0.44401575445038416,-1.625267755878796,-0.2771830768602225,0.18350628891784826,0.9024575658057841,-0.093526047543196,1045
0.006714427749180835,0.592236303704139,-0.12349617303521201,0.3235662632877695,-1.213914311894382,-0.21240091018723378,-0.07322874485254573,0.746380411127129,-0.328641719178673,1046
-0.1070504821199491,0.004732549541107408,-0.19886497308405193,0.392044764361688,-0.8221433968651644,-0.12126888540421152,0.34589025729682116,0.5895849621375177,-0.12115029309308954,1047
0.1670108003186686,0.5357391339845887,-0.22116321744200665,0.31526283705739955,-1.4384231887272594,-0.29266584309466664,-0.007882812350253314,0.8702683375912609,-0.22052494657157187,1048
0.022488364431522856,0.6866858757694789,-0.07532959782245821,0.6456001430098584,-1.313507905155065,-0.3101687506722781,0.2328335826407841,0.42554538631980116,-0.014923542212135285,1049
-0.09560614094095717,0.26602658919114414,-0.6470782056844298,0.5033642920646731,-1.1811806081725844,0.03748596492597418,0.654465926313797,0.3007593682168073,0.25228987459215546,1050
0.1258293315765565,0.03605826247412991,-0.5462805195999688,0.41700076279908693,-1.0827174986144688,-0.23300043969644416,0.3635049675742213,0.7520470989690684,0.19356735731382219,1051
-0.3227098662788235,-0.053515399025562446,-0.377972028078761,0.5358642596634141,-0.5724839629532992,-0.16523961683496294,0.3838668958860929,0.5106326575159421,0.059983429304126305,1052
0.41663334509450606,-0.7540202172807035,-0.014445780747527124,-0.006762947161982111,-0.3159689376777992,-0.29503837128859633,0.4376706456616029,0.844481434032243,-0.14372176927378044,1053
-0.05141246734025091,0.0654101498189637,-0.290647691104202,0.313666673484602,-0.9257381448389764,-0.18319251764246655,0.07059650572238388,0.8737842082075499,-0.23044290598940173,1054
-0.071984930135228,0.11375158225676,-0.4819036363516747,0.30626674463705206,-1.0577438243562451,-0.06434804403725465,0.4497091246616135,0.56764499721239,-0.02290628148747601,1055
0.2290544477057032,-0.19785548300756706,0.08516529809151367,0.19501044818976979,-0.4181589423627326,-0.217182664615637,0.015802652072512437,0.6380634431846465,-0.17292879342329556,1056
-0.04024562771062299,0.3824516889715331,-0.16723809029124445,0.4451577329689259,-1.4439681559235096,-0.31791259857109516,-0.04279137154045648,1.0250003022277783,-0.3415393990663036,1057
0.22657361077337398,0.2786310170108048,-0.2101792454393222,0.2846867932230085,-1.0466040448913645,-0.2441668927195589,0.12338319224680688,0.5118376854264678,-0.059472021348174434,1058
-0.25484157805889995,-0.16914090523859138,-0.4852887692459596,0.6788714500584823,-1.0699439518547422,-0.10935539299583448,0.6414250768471242,0.7534465894423767,0.07031960154087719,1059
0.23700383959045548,0.6353445825311765,-0.29404669920459586,0.17454918293870197,-1.0458415945473614,-0.284548676479965,0.2728533787139538,0.25545492092772415,0.2030521265975705,1060
-0.06660035218440094,0.0028072918647977295,-0.22893205766053518,0.5530058512500798,-1.0249450698969662,-0.308022950996109,0.19453530170772917,1.0039738085125083,-0.15547415042398588,1061
-0.2766998681180714,0.12780205944024717,-0.4599927549768888,0.5021553445849041,-1.063968442042468,-0.041648059499118525,0.2109020425132042,0.8799276199602567,-0.22086911191601385,1062
-0.018403364352480273,0.34592424399954474,-0.3190622441327338,0.4499551038709391,-1.1546312032795698,-0.17084677322098654,0.14098061896160935,0.5551737466708377,-0.09230715714337248,1063
0.27607300227003684,0.24279827659384662,-0.19302413675216729,0.17666787885178611,-0.6629244331151409,-0.24968595651835077,-0.01658685736482168,0.43898477596795193,0.02345513283995021,1064
-0.02575711500706447,0.13020772144172005,0.01980648158576421,0.4085249824848042,-1.0768794485265643,-0.21307906565524337,0.10113402302843708,0.8120676982004638,-0.5607992286653318,1065
-0.07658419440549598,0.3479017025610257,-0.32128187090685856,0.5314027150852216,-1.2145459643496324,-0.13615611414114123,0.3407429457751274,0.7092490919506901,-0.0849345439257674,1066
-0.27840944817675134,0.03503842583124668,-0.748035310553385,0.4188354485319277,-1.0133759103919304,0.1288652439061202,0.569293915170556,0.41409959660344625,0.1873829492098226,1067
-0.08527720842047706,0.37552549706185845,-0.07916476302997985,0.48281939789012474,-0.8229641073533209,-0.30524221494243303,0.20282452253110536,0.24785613957933056,0.05942075566681832,1068
-0.3512733619794553,0.5552351448790701,-0.14215689214639424,0.6438522440403907,-1.0549204329105382,-0.23202184920869168,0.05321250499349805,0.56696520124035,-0.15550469777906126,1069
0.21561101492210086,0.7252763317004655,-0.35553229835141265,0.2105126375245587,-1.124460287488032,-0.2718273738922645,0.0975367833391203,0.3234954321194227,0.11979008147197645,1070
0.3959637461892082,-0.18447173825512295,-0.36021955623217927,-0.03820164816703313,-0.6664139209251331,-0.2761537690691403,0.06171487865434313,0.6888113427071837,0.008565340321632553,1071
-0.15512624387486612,-0.5104287858197831,-0.18724885115049145,0.2772951716325275,-0.08021837801504131,0.002507326287634476,0.18641023711661864,0.5572041743786557,-0.16807274086217064,1072
0.18115759660343522,0.5438305593205013,-0.21798242633373152,0.37104080776033826,-1.1872810091428165,-0.4320318190154632,0.1467658800117354,0.5553256589805371,0.0732906331599591,1073
0.2717196898031257,-0.2540780842899624,-0.25346163545408695,0.2829044559757894,-1.1657964892123445,-0.38052772196015566,0.2928036190117015,1.1555638127857155,-0.06513722683585726,1074
-0.2543788027003208,0.052549380276477216,-0.5408988348577035,0.4702707010567335,-0.8969869805466154,0.12571430339735262,0.6765162291632734,0.1837873810312788,0.09317495442735572,1075
0.10385784930385263,0.700372463654858,-0.26052701919568244,0.36153352246781867,-1.0880202427523098,-0.19212635436515474,0.22710742726868982,0.2805828817619758,0.02342765329949378,1076
0.10539900668350186,-0.1285821086476414,-0.12197073275174092,0.33094787756633076,-0.8324428653966544,-0.26538640059772656,-0.040166846953260685,0.7836550407425741,-0.27269726377311904,1077
-0.004162970707847135,0.29106681498232106,-0.14603686342153202,0.46542966014769,-1.3339573004461784,-0.20692770845718417,0.26355011422337,0.8201448926793018,-0.254047600423409,1078
0.06250961016496796,-0.41887013702760645,0.08620811985610352,0.2911120166571709,-0.7225232020676824,-0.286856492314913,0.1647988409917287,1.0140462619347783,-0.5654808579961803,1079
-0.3332475439058675,0.07553846641560805,-0.6856675042461594,0.582617167954633,-0.9234115727019598,-0.12589409316581845,0.1979261880875402,1.0181284248183375,0.3366178682211006,1080
-0.4216031127976801,0.46124164554803315,-0.5195826229985424,0.6876744794982584,-1.086789410061129,-0.06862395662511178,0.11394359115979825,0.6435786232587568,0.05302764482419088,1081
0.21298643216327262,0.6105923541894401,-0.3424840242729817,0.3706965176605027,-1.2164890581778849,-0.27868707095955575,0.20001945582987538,0.436672676294301,0.11970925776097588,1082
-0.2947447257837657,-0.017545019790486976,-0.37913131338193257,0.5572034657701324,-1.0321019590730283,-0.1583651139150463,0.11356222958188758,1.17288020020554,-0.20941224695665867,1083
-0.34695081882332074,0.03690810606848562,-0.3782702556585534,0.5207563041968963,-1.1280969533908631,-0.04435962097462366,0.15856993091770166,1.1100654758015458,-0.22037586706149234,1084
-0.01516414672697955,-0.17010571538453945,-0.28282788633987394,0.5437145472771653,-1.1570166839313774,-0.25107022837644666,0.29900665375590707,0.9687287961198318,-0.11771296240442986,1085
-0.20642823337297544,-0.04074272004150024,-0.7584707167839047,0.4759848817410844,-0.9326782316690755,-0.0030442967667862956,0.5184018277660485,0.5727275547062318,0.36789516208365475,1086
-0.36058052654800904,0.22991759559439545,-0.2734317254017632,0.5698189137720359,-0.8051405194826947,-0.06782800392319692,0.14113120694794962,0.5482742682305038,-0.18730756602380813,1087
-0.17356818418497144,0.2401863097155269,-0.6071781660514655,0.43715469793525286,-1.166977520953586,0.0064830118453479465,0.3604056529862674,0.48324200486751373,0.09975377711592628,1088
-0.027194038047036788,0.06702930432474538,-0.35842381163880643,0.5587124498621552,-1.2049448662890336,-0.2730318217570911,0.15789056823233005,0.9657679521801698,-0.05267180982874598,1089
0.23785943027655104,0.31803784921597195,-0.26717115297459065,0.39935684255031395,-1.498663258220564,-0.46533699100425624,-0.010591113554009933,1.1091330986523202,-0.25220480213060104,1090
0.17144624917976464,0.32399242821279756,-0.2940930734891345,0.31575676947412357,-1.1499424117458323,-0.32891699908679395,-0.24064281505474813,0.882258267193063,-0.18149806896249637,1091
0.17683034133134917,-0.3231416191141518,-0.5076229420349535,-0.09120509123648272,-0.19197466883909428,-0.048673080625856624,0.04540686443253622,0.5260074551918994,0.1411339443695386,1092
0.21886185096133395,0.30141577520856805,-0.10100819298213515,0.20990521153225614,-0.7878027205866212,-0.22277499941707313,-0.007871600797345913,0.3609207220295889,-0.0868338063440323,1093
0.17911930078839458,-0.2116980047281511,-0.07767587122484114,0.2545399836817775,-0.8500371925434732,-0.2984935598211245,0.10778517436540336,0.8157192720728788,-0.28842179128123147,1094
-0.8025978974280497,-0.36063072570920673,-0.6789014466244395,0.8475884698250472,-0.8155229689047494,0.00039583662443580184,0.30899950062187886,1.0424675351391597,0.009085701118121622,1095
0.05205096634220388,-0.16416458544924625,-0.32066394537291876,-0.05598748846565146,0.025251805645358002,0.059161363452750304,0.08361132877403926,0.12611927658989988,0.04685477038613481,1096
-0.6148919895129453,-0.32137853098678076,-0.07618709246879529,0.8185914093046431,-0.5795864759715272,-0.29649300627681396,-0.03817617883343865,1.00144048244459,-0.3532396756772496,1097
0.19558080800903938,-0.17570283541985343,-0.5059562216722586,-0.03840274948652181,-0.17491670052026057,0.14495979558262811,0.5841539278408002,-0.27533534434985485,0.4800152696498037,1098
0.11668323131400615,0.3868764571706926,0.06223809368227446,0.3747758652379608,-1.1073100773996498,-0.32456967945023746,-0.07193570144019182,0.6458595807695166,-0.3496979366083822,1099
0.06611539902492597,-0.271117795677236,0.04831899725331365,0.22432992261154483,-0.6003917549210558,-0.20440219025392942,-0.076489076826739,1.0968155757377496,-0.4685550078760158,1100
-0.2535469218939579,-0.41185511832149074,-0.865128133826903,0.5289848033348707,-0.6905539780224248,-0.21325527237688818,0.5843480518465434,0.6329016119225637,0.6155693972429339,1101
0.2320125832153043,-0.1747290610614396,-0.33871899792752214,0.2724097449653848,-0.8295981521722824,-0.28759258980800034,0.32621980784452215,0.8149201393737765,0.07952676516383186,1102
-0.06963739295545333,0.4478101481575784,-0.38247050308903247,0.284441094478478,-0.8460705939183853,-0.13410366923772254,0.22195936402620522,0.27334126049974455,0.14160220224094272,1103
0.34099316224403087,0.24992125490744713,-0.3888311704382892,0.25017401168558606,-1.3815981709596052,-0.38098152782161504,-0.09685895102800869,1.0222950233584056,-0.04547651891659559,1104
0.15104238776737314,0.4503943422692211,-0.27620308670810645,0.2589820221271027,-0.951803001306048,-0.1838502259936417,0.09620164839376882,0.39705843636217886,-0.0007445949271947754,1105
0.051058677582884154,0.036477080711712545,-0.026199629854454436,0.27471563454442294,-0.45063499012018865,-0.20050109194838514,-0.020531511197678314,0.3843110776565743,-0.11732948178198473,1106
-0.2573759657278705,0.0313087178311845,-0.2628210079358626,0.5207434472533007,-0.9565559729366386,-0.04835785768411676,0.26713195202212114,0.5856336585108203,-0.2093579332904329,1107
-0.0928911423544857,0.04487409629209,-0.2973757533657295,0.581468931353697,-1.1974543163923506,-0.28263202917118807,0.22377442960417573,0.9725879866572862,-0.03750399674392736,1108
-0.13089327749937335,0.585983005812475,-0.2761644883894853,0.462294265186859,-1.257800232502097,-0.19441675517410512,0.12322753929897508,0.666236854212022,-0.15297065071844101,1109
-0.056968755097573896,-0.15291238480704958,-0.0608244722769624,0.3224377113880405,-0.695867823315066,-0.12035848682680705,0.07762264311989227,0.8487662515233843,-0.3903663721646196,1110
-0.24718213426036367,0.39980039802343414,0.058894926667608295,0.7780678206610177,-1.1169825024655227,-0.29290855111955044,0.009457295215836133,0.903156809953376,-0.4028301361189253,1111
0.27976195630251005,-0.093359807827405,-0.16248902295627432,-0.028920691006604427,-0.2543097722572472,-0.23768721432812062,0.006976753020128037,0.32522568268421015,0.11487589479134826,1112
-0.18972863561154232,0.20449836833347423,-0.6214791078679998,0.5539904271060757,-1.3615499574743875,-0.05120218425149939,0.3536386343560357,0.7054505035061225,0.09881653712249351,1113
-0.3763000196547232,-0.06708608671992176,0.028018930729179364,0.487372709136866,-0.85322580807854,-0.0991020266398913,0.11070603953383618,1.036899858212591,-0.7868636343929853,1114
-0.11942875397062458,0.2571348090924337,-0.5678818651704027,0.31713583052979016,-0.9308532712819713,-0.0007875488254014537,0.39923699340651886,0.34801870390791545,0.20006118021034547,1115
-0.15627937868976716,0.06278522532167682,-0.17409065591834247,0.45934580518697743,-0.9433301323252059,-0.1146228394668087,0.2211344015450644,0.7250878461417244,-0.29374048531023417,1116
-0.19843300050652898,0.05659252087320188,-0.49175270016721134,0.31599443655193804,-1.0178665284174842,-0.054086947116701256,0.13955638098579043,1.0341763934665558,-0.06071584053745075,1117
0.15539325814660293,0.70153130650078,-0.3151297308639083,0.4482149307944701,-1.5097330014422354,-0.30088878706381306,0.17889233106174748,0.7056926291433688,-0.03333585128391682,1118
0.013329555994057654,0.39138059843881845,-0.0906428916279077,0.5440924092949556,-1.0745538921527897,-0.3025116892378267,0.1607052189677144,0.5729788964695172,-0.16144556513744326,1119
0.02671881271384054,0.30047219212700965,-0.24900028851809716,0.4424816029459097,-1.2172204407883975,-0.2756177276807374,0.15112620731445964,0.6774391018313215,-0.1569544948284789,1120
0.3024437630682973,0.1185458166414321,-0.2291282774403098,0.2645970079322829,-1.2240079186205224,-0.27680640601708906,0.2626198390217257,0.6602432750075542,-0.08308563632491993,1121
0.2527082911632336,-0.3097717909456013,-0.10556724972348515,-0.010863999415713982,-0.1841762101137829,-0.1301730623202413,0.22592210991905048,0.3892377927238253,0.009622096535961567,1122
0.19017597828303945,-0.26820239821423547,-0.23086977591107846,0.17921224613877895,-0.6616190641582421,-0.25031202581672024,0.32226149747521354,0.6528593967858645,-0.033463038230896594,1123
0.1186966531256884,0.2500634740868675,-0.1533960582008428,0.2801515649284979,-1.2535711332282606,-0.2906438255437304,0.054366308338349614,0.8847898596647576,-0.31541072207523474,1124
0.23391041017064604,0.6626005348810644,-0.16631321689615639,0.3763519933069981,-1.3580593704587056,-0.3787912488610114,0.010396513006068248,0.7622678337134935,-0.13323363237499117,1125
-0.040775718125326765,0.07683638395987663,-0.23110817805726083,0.408533327077726,-0.9985327073606928,-0.24222342465567012,0.22271913194463858,0.8245812543199601,-0.11983817650178002,1126
-0.4538237732464699,0.1969718914245231,-0.6706456354541354,0.523400627343099,-0.7628321373976862,0.07507539249700088,0.07279787891733355,0.6452250837329052,0.12884079134875945,1127
0.013604367044182173,0.13375079388678557,-0.04006958900387553,0.23943220924017586,-0.37802778825221595,-0.1557152857527039,0.032002141219609884,0.21333133298509793,-0.023745278435858767,1128
0.13764248788029312,-0.231078707746998,-0.0049057157456905195,0.33870155692313336,-0.5816858903127373,-0.35918816887080074,0.03637043738017989,0.8085021235367236,-0.15607785374400482,1129
0.20718382302680946,-0.32601038482725664,-0.028357775852431176,0.25270866520804225,-0.8179814345392905,-0.3783468746362954,0.2062966387573681,0.9063048225450753,-0.40633166879944066,1130
0.012106971326923193,0.6007040160183907,-0.19559564032786678,0.4687258285055635,-1.4011090531072763,-0.2435597238455831,0.1816341236597093,0.83658505421987,-0.20350521816870049,1131
-0.22403672356378737,0.42698233438438205,-0.1614403176099217,0.5701760227869819,-0.9554293052218925,-0.13172196200302602,0.1286386378739628,0.47743898818224,-0.1886253060445768,1132
-0.3980952366172586,-0.000138614458558689,-0.5045559249175251,0.6571944918457894,-0.8236885522521251,-0.05855413459180165,0.16673317115650363,0.7952655489415509,-0.033063283057645866,1133
-0.24270506565768551,-0.13930009996414922,-0.2960412104591207,0.3555391857658535,-0.7649560490064556,-0.09743070609266301,0.10368835986151309,0.8752655787042151,-0.353764959800787,1134
-0.44446800736329667,0.3902425081699786,-0.5261134728155595,0.5534769237284555,-1.2217279021495921,-0.03334241463037087,-0.018929863377798756,1.006126300818549,-0.07697190102040956,1135
-0.36982742399367424,-0.15907415068890157,-0.2993713307915568,0.6203655882702795,-1.0240110854192006,-0.10848625867451162,0.33401150187505463,1.1325670682293174,-0.2349805097004239,1136
-0.41723006954378944,0.12494492518141563,-0.6042455925499647,0.6696362974520942,-1.1404190745121165,0.001228146006004337,0.22264169521271426,0.8763123130125291,0.06890403378829849,1137
-0.20198314039013482,0.3817874999614472,-0.0727037505447166,0.6221498118897236,-0.9732536761112557,-0.302283992145806,0.09661847822600926,0.6127807595966331,-0.18435598200546507,1138
-0.15165626538110366,0.19023484684501887,-0.4137485905939729,0.5364759459397367,-1.1473469596434498,-0.14763467325089177,0.18896297033157428,0.879259633774419,-0.14584545412319916,1139
-0.4289714175586339,-0.18717421980947674,-0.3953971811490268,0.42844070526846667,-0.9952524872996164,-0.0014618082910580533,0.2330323273060453,1.07976613298969,-0.2780610768213921,1140
-0.2327717888216611,0.005998166927315671,-0.19240445589994676,0.6150326067727201,-0.8843657108128544,-0.13102271146461966,0.7022158512328159,0.26418781672443153,-0.0002513985407908352,1141
0.36357073142962054,0.33398900877362764,-0.24837278299327173,0.03625570969947594,-0.9769797253368582,-0.314858693716194,-0.08473399060638322,0.6900868871904037,-0.15285777967195288,1142
0.21126411408445067,-0.37138743695777776,-0.45770735066405255,0.13206185573039253,-0.6184034477830896,-0.08908984193841009,0.5161233005717085,0.5504506433039051,0.2245842467082655,1143
-0.02987397378476544,0.5845632295885721,-0.4142365489024789,0.535837844722699,-1.4020338921144495,-0.2699273155643049,0.08056402071864996,0.7629484417269096,-0.0168438809362488,1144
-0.011384626134591952,0.1023507524030635,-0.6223973521214846,0.17975628354288287,-0.7041814305494213,-0.02278060515613406,0.6406572203144102,0.1750799997386771,0.3235896494186822,1145
-0.17312025869621966,0.185523323410376,-0.4001116538358137,0.35671367940860066,-0.6819837826863797,-0.01001038345869271,0.29130151977529484,0.33981554502873895,0.09741672090729195,1146
-0.07766458695298216,-0.04981584276255638,-0.38854198251394173,0.194745798602712,-0.8143341203285777,-0.05720873641081478,0.3530354050737712,0.5675058008331213,-0.13571688344374472,1147
-0.16723573846036865,-0.22274519877133986,-0.6704326802122893,0.3735662708918485,-0.9343116714178928,0.0809905449973873,0.5863822319994233,0.818058441341105,0.022110517324549064,1148
0.26784600700984024,0.38668624119051487,-0.024272875631872217,0.398400717636946,-0.9328172907140446,-0.20948333657974597,0.3016056848591954,0.20321466224495624,-0.0002454230799925735,1149
-0.12091289924256124,0.28937306855473305,-0.1351126967487401,0.551369081387365,-1.0964346738229775,-0.07874251059265448,0.6273233219917718,0.23069027753985122,-0.040487450968309024,1150
-0.11674697384203435,-0.16120517511122248,-0.3884493572219488,0.31489859573491535,-0.7647890499481208,-0.11208910571827052,0.11453529069334913,0.9475523629962265,-0.07505311425828488,1151
0.10327556831911675,-0.584334737149583,-0.18070967653130662,0.12266812186365313,-0.5182038836308053,-0.16355903898061738,0.19567080148527247,1.0272897160621575,-0.2721180904772571,1152
-0.009629589056035125,0.5835567563373294,-0.36522691109617456,0.3276272843739388,-0.9623980635395128,-0.14284185773705793,0.11481703429895807,0.34965470818684674,-0.024188670069026683,1153
-0.09648876682224282,-0.37866581126166143,-0.16951594665598518,0.27378616347801726,-0.7160904404976958,-0.14456356468841275,0.38467385134295584,0.8754643253600177,-0.3829397350918985,1154
-0.22215067989965653,0.07559067858727714,0.15439922249826948,0.4996169608487429,-0.9336406370196937,-0.19080275700752808,0.0968901756706742,0.8266096627653576,-0.5590211064801421,1155
0.21364260623921008,0.3999765441907797,-0.23203441285690754,0.3624572658406296,-1.5431135646685221,-0.4144423205831315,-0.06519870121137329,1.1252603655461566,-0.24925914231710902,1156
-0.4717042126629674,-0.4882933500356746,-0.04374596503756475,0.7417037772684277,-0.478017367960459,-0.3040385456936939,0.31517324519609907,0.9204170544201821,-0.2950901748034455,1157
0.1482383616658913,0.5796586272407274,-0.1603028636864652,0.19592652430997287,-0.9669115005905241,-0.26668006431216984,0.09850543971477856,0.4005360988061905,0.009592673576684885,1158
0.32774830342501937,-0.11325291138268453,-0.3865589359506161,-0.17935595565352502,-0.38870712334608887,-0.1117966717345414,0.3132240288097926,0.2720426544747478,0.1608724737234548,1159
0.18645661843476952,-0.006808131699315574,-0.49321684426338935,0.3130565744204413,-0.8953600258260859,-0.26976552334621356,0.1894478668407649,0.7308129561922416,0.2677068691766316,1160
-0.191028715742736,0.12301618705500937,-0.6226954575705189,0.404943077125593,-1.1638763887852102,-0.09178280640117052,0.12837801317914088,0.8656273002233941,0.09082451197196408,1161
-0.2704242555049071,0.04318702137943062,-0.5016225440279016,0.43501714303679123,-0.7957884415280692,0.05077821040935257,0.3595335594804619,0.536891110867549,0.014291434689974835,1162
0.36001937841983683,-0.07847005162692088,-0.2845132532060418,-0.059232350697064694,-0.326816963441263,-0.13682187916224683,0.17196923615288798,0.2666730010676729,0.1122389030537732,1163
-0.24142295169331368,0.34052057194080854,-0.5104346446473002,0.5487361956817226,-0.9617827100492541,-0.06621566952904107,0.17867622163262667,0.5664119982731608,0.08014545314956079,1164
0.008897899732549916,0.12158183326109794,-0.15490066715999273,0.36763069744531307,-1.0357757035473543,-0.16836084396042084,0.10843256492727284,0.8200553155123701,-0.23943957668096777,1165
0.05905307070933437,0.022782731413034944,-0.15092571509057182,0.3678865355428475,-0.8754350591421346,-0.38618116501175326,0.04398628989059199,0.7736055675513488,-0.09702878204630391,1166
0.09726861513691346,0.031177928913677905,0.058910883003501495,0.3525010723030644,-0.7693859132229147,-0.16290089974001581,0.3910657604550659,0.5612214941986214,-0.3878883457365866,1167
0.06465481633595906,0.5623734126761081,-0.6142561366434603,0.28606517161624034,-0.97051217687225,-0.17282070416585388,0.23943247219755295,0.293822488173543,0.37378173445836554,1168
0.1825994790945065,0.3645287931723115,-0.19201908538536352,0.39399893641340383,-1.4909443910453049,-0.415501553740474,-0.05871052890224726,1.0763485899093355,-0.13335189607465603,1169
-0.09029289474450893,-0.30408735607268694,-0.40126123466555397,0.35469660851125395,-0.9715668581911371,-0.21038951194510247,0.2598471407773736,1.1070331688401556,-0.11462239501395802,1170
0.16656981590115322,0.31057111115943753,-0.10646117123223836,0.42342101983990726,-1.3021913366346398,-0.3696567047694409,0.03746349553920087,0.8698058960319388,-0.28422085174001105,1171
0.3049957935185935,0.42976870307210724,-0.30385670213954263,0.3541045540597898,-1.3713497348256893,-0.3591096326641762,0.07685319338036048,0.7417055438681293,-0.006767376054433389,1172
0.10572208178325426,0.26006083299342664,-0.011021893977930056,0.45541120398592094,-1.1398883263352169,-0.31391928614081055,-0.11863545308005069,0.9510874554213788,-0.41289118036183925,1173
-0.40081418151269815,0.31229257123100085,-0.34867524708017217,0.5188148854079772,-0.9285906910440637,0.009429701679952772,0.02829290236673204,0.7176880491241656,-0.15477061794312788,1174
0.14919539951802258,0.5180709157425463,-0.8941995298603788,0.33169190802391674,-1.1827355781960076,-0.09725184335355026,0.7142551559273861,0.11698620454845088,0.7034531596846284,1175
-0.2937908199730231,0.09947386648817906,-0.6484536016550825,0.5217513282156753,-1.3243861845215754,-0.08221308581247995,0.16603361705096645,1.0621142982925502,0.056410329277570434,1176
-0.011827451620182353,0.09057680161125077,-0.6369393440757067,0.2992753188452518,-0.9186427304805322,0.01775688239210894,0.6055817345441646,0.3383195699747096,0.23477691961744163,1177
0.15511949655656915,0.4297131516892632,-0.5048962168308014,0.2491871904700701,-0.9460896922673053,-0.1601739301239122,0.19051970095983212,0.3105019003130419,0.23768691135190143,1178
0.06274954029210134,-0.10578204786809488,-0.4609484253499628,0.3114753816465371,-1.0414362562976471,-0.13627116100979278,0.5060229250727025,0.6385481009683847,0.15415617239326423,1179
0.037481862929642985,0.23482247231549255,-0.7408278103108613,0.32142170251842095,-1.1552086657876577,-0.10831705731949941,0.3829399224560183,0.5643635489332751,0.3404296968645173,1180
0.15472644754035772,0.4962135678984692,-0.28081922956787947,0.21603145396586626,-1.1415090680236553,-0.22549686572702207,0.17648656413878683,0.5433450726491742,-0.038628962632057715,1181
-0.053417135469790454,0.18461943354341073,-0.38206042557043685,0.4541452310156196,-1.200284283809666,-0.08548886446231006,0.5511050377802356,0.5550668164122643,-0.036133268113103786,1182
-0.26858313339139667,0.0840763902831832,-0.20732077728062634,0.5241857405555372,-0.9373829572830568,-0.12346046452119105,0.10062062658522648,0.8798248408825923,-0.30442508911611615,1183
0.02533733594203283,-0.050693946296996376,-0.10075707296378002,0.4030763016838427,-0.8247707725261938,-0.1609986522080825,0.3095950022396422,0.5287345358914799,-0.1445181474351705,1184
0.19188840510731284,-0.39375017779169585,-0.26861228521775166,-0.006738708164010235,-0.17265596526935698,-0.09534782202311101,0.16040847018986587,0.5318522772712924,0.055738022650588255,1185
-0.10952563687609154,0.09220066020969336,-0.21972423638012908,0.44147263017349136,-0.7896135402467157,-0.13460539711010186,0.0751000694256435,0.6390545958613525,-0.17686750194681117,1186
0.2239465931938636,0.6742370278164292,-0.14682906101163762,0.348553827557783,-1.0885219591223696,-0.2161122377308502,0.1591203666620087,0.29107372728274694,-0.024625347183727244,1187
-0.6776437543020506,0.13480664690740737,-0.21263713060544498,0.7955880954039527,-0.5677825196646447,-0.045675072697694434,0.30795060516696604,0.3726124647966945,-0.1563041299892856,1188
-0.23565198167606338,0.34501055595487296,-0.4964375969727114,0.3470903410197256,-1.0889804614694116,0.03550602032212151,0.411308072177884,0.4931518410137231,0.05622698721216953,1189
0.02686730170439603,0.3366680615140757,-0.2789203358363852,0.47363084442589776,-1.202724744271664,-0.30515355805059413,0.03346023166062858,0.7204802473877974,-0.17875473856496593,1190
-0.10413917959714099,0.256983147463744,-0.09318225874913288,0.34197291051510426,-0.7889460240841738,-0.08808817241051697,0.2961262768574178,0.37482793136057135,-0.2146540753956447,1191
0.07580182686084376,-0.0674838179701643,-0.5418682846033857,0.32815684660531047,-1.029011684435964,-0.044648273624110515,0.8958628570070076,0.2775203512755601,0.24982491038181662,1192
-0.1681443732340122,0.4479905754779384,-0.5940628135720762,0.3514693720544807,-1.0261135811608464,-0.07483607651705079,0.18612038292232966,0.5455527911717333,0.16323401279194366,1193
-0.2776301743330776,-0.06260083006901469,-0.8675427821657528,0.462023770733278,-0.9183370638703009,0.07982036587006458,0.6185037148087683,0.4850776815615007,0.4335946663497384,1194
-0.14369940177248788,0.1945137191318532,-0.4114167349929347,0.4627937842887345,-1.1553354828561995,-0.16394577056447104,0.11843982229679598,0.9433132417097821,-0.06744857734831516,1195
-0.34026579632482057,0.21464528367111677,-0.3837471539329562,0.7067668682460331,-1.2464293711564631,-0.1956757483611935,0.08532255185596661,1.1467448604712385,0.01990500001464929,1196
-0.17342149980390115,0.34881681338528503,-0.0007395366450327102,0.7654360501329937,-1.272018500850496,-0.37060705491111723,-0.10513145125923982,1.0809789238729648,-0.40401119158162596,1197
-0.1457197187560459,0.010705364233375725,-0.4750394584441258,0.36077349530994796,-0.7550443964518285,-0.03649275592563653,0.3448047811177934,0.4880330649226163,0.11109045005633074,1198
0.25409822521809683,-0.21735672303530773,-0.2762244656039668,0.25528864551103697,-0.7901474435518845,-0.2145580432436418,0.49286223649925537,0.51527529681386,0.04750472487687616,1199
0.007831265949837662,0.712442583591392,-0.41110164559682155,0.2876146967819107,-1.1878966879370454,-0.1323143960445204,-0.0065077212420630295,0.3895834232714447,0.06963758736172249,1200
0.06045016336353599,-0.05553881065627315,-0.29076140965811414,0.13958600099507296,-0.7174912128705669,-0.043911398861469296,0.5032376791631387,0.40973450883628065,-0.08479688609355797,1201
-0.12541147003908612,0.2827290594757293,-0.15327608166762627,0.4104534420981951,-1.0756657207178182,-0.1895228353675227,7.002982159516305e-05,0.899163186972177,-0.4016607407026479,1202
0.41791776805672454,0.3590718055725047,-0.37931206094529807,0.29778703135903467,-1.1668625796928038,-0.27419297949646076,0.24590547477928484,0.29156196934686934,0.20841458190258466,1203
0.047512669716745594,0.5630823386461808,-0.19682931428901546,0.4317480188771393,-1.2781380408357637,-0.17831206813297432,0.21105512413424118,0.5310212024426292,-0.1410480219648307,1204
-0.22123664979616076,0.08156241283534796,-0.12550855942442676,0.3987566891856592,-1.021180253644514,-0.13362053796834017,0.027032220739434558,1.0028984159060081,-0.40119168237198116,1205
-0.054418049425349786,-0.19943553169713032,-0.4432372349560664,0.2249070998963125,-0.840311021541982,-0.10717818494557971,0.16926713340572194,0.9342217775673455,-0.1066119423926251,1206
0.07919725241641509,0.1911174699418634,-0.26006847308969633,0.23884092033466012,-0.9345710365547583,-0.13230502352499013,0.26198564067721397,0.5875726864881282,-0.09922915191197447,1207
0.1419626339884718,0.5258753175523446,-0.08794255330101544,0.38450590464679635,-1.2250607035382821,-0.3217328988952495,0.03772646856631853,0.5254738541472075,-0.11912277924550298,1208
0.33630420395719085,0.46550382553539205,-0.18678371683274012,0.10862290437109726,-1.1098664276556056,-0.28651922216827436,-0.0036844929960348017,0.5425998292143784,-0.05152164600676707,1209
-0.06932548033812097,0.04050483589626449,-0.17511330272065767,0.2783478548227884,-0.9938812069504139,-0.12524543765213644,0.11989288551999515,0.945891885752938,-0.3728026743636551,1210
0.627281034904991,0.04141016365155356,-0.4736041983319961,-0.07091075250919825,-0.349647397769646,-0.12904188420541826,0.5577379361263436,-0.23940767729456822,0.7002306288148129,1211
-0.4144547451655734,-0.26530062016457684,-0.5821663583628036,0.4602078619910089,-0.8172229266560586,0.03430758092206305,-0.0711876096456904,1.215658395035781,-0.24096261138707092,1212
-0.07290787522607478,0.3768954063473763,-0.7247768809645887,0.14834580018672788,-0.8969166660407228,-0.032369479814820086,0.17178984719601076,0.4986403799932713,0.31548839548810215,1213
-0.10103261189767834,0.43130643629038884,-0.24939620894563688,0.5546554820504831,-1.4032904821410923,-0.1326980973349612,0.32378837112795716,0.6271666730357373,-0.2501432797626294,1214
0.029824162059719734,0.31966298229119827,-0.18042259649917625,0.4430065848196018,-1.5178647327800938,-0.2283589942582121,0.290463010820209,0.9212503971482802,-0.27351797909740594,1215
0.42906007681480246,-0.16539518231386752,-0.35835998591785045,-0.07389515003997578,-0.2639896189782609,-0.27577912626545725,0.33982849638777973,0.16025025708674087,0.4499869962902151,1216
0.14371196948621354,-0.15526909142741374,-0.1656183087283547,0.0508613609544969,-0.09724858205323215,-0.15698415985821362,-0.3925721754956981,0.5101402389472911,-0.11728666915058572,1217
0.08726759134875321,-0.07864777590124745,-0.48616196036636483,0.17096153785669818,-0.7738100093310996,-0.07499863646624394,0.7558880298798635,0.2730671162204734,0.16374288010262372,1218
-0.041330690467287226,-0.5002083125489418,0.004583874216143692,0.17381556831034628,0.009051676884127202,-0.15089583525299805,0.017931955986503167,0.5834825566022753,-0.1717132461433376,1219
0.14707406113831076,0.2632767129963891,-0.08362383231322147,0.1267710501112125,-0.9390949131292193,-0.13900952623683707,0.23775392763249692,0.2125245461005005,-0.31789861971956807,1220
0.23294267544224112,0.46873484067733534,-0.337417855562939,0.07047614781746518,-1.1036171765259435,-0.22358270559584786,0.07190353926843773,0.5472066827194294,-0.03612685347321497,1221
0.11201613538009304,0.5073999313913533,-0.6044097918798753,0.4338000855081879,-1.2257712436219712,-0.16437598025979225,0.48970712530257937,0.21821478371437072,0.3881222900723133,1222
0.1455255539027807,-0.0740695395245597,-0.29503438567326573,0.09261398836414919,-0.43162807158563055,-0.1323142559696785,0.14452454415691945,0.4764580082539952,0.051981146107555595,1223
0.19149600330751024,0.15782507431139747,-0.21914655848143344,0.3124501046035229,-0.8745073712143159,-0.3512135592996611,0.14728911651110047,0.7050313044109708,-0.010732617631337767,1224
0.03276808725183136,0.5710859604643942,-0.15552309979382006,0.47351868350092324,-1.3812130185625442,-0.2873506457343936,-0.14128960543714722,0.7843553248733256,-0.23661657874608838,1225
-0.6240102049255134,-0.3477757133835673,-0.801700953440197,0.5439630437238995,-0.8056205303831195,0.17668124106661479,0.26482319988663827,1.0998579725360094,0.00021804503018838157,1226
-0.3900983392884421,-0.18007139946998674,-0.9303496440935165,0.35855818197267436,-0.7781939622418752,0.16093312591379297,0.6324294826474643,0.5795894916260438,0.2993968698611666,1227
-0.3182931084262662,-0.044218560183214094,0.019168917143870923,0.679816801410485,-0.7418493592903569,-0.22827737635001974,0.647248712565437,0.31273684491006937,-0.15566954325689852,1228
0.006116602089599158,0.15674563560684118,-0.014669151291614347,0.1091746299477347,-0.509916593432361,-0.06008559217149229,0.18681251521031103,0.30764833828167876,-0.36848592798520274,1229
-0.3959746040672002,0.052958418830085556,-0.4466082838174129,0.5044613063594964,-0.940889667344842,0.007207263720988275,0.18775253349859305,0.8239206645715913,-0.20978060040057456,1230
0.062242479099477506,0.4715050397145532,-0.2829534871561093,0.32749313878879505,-1.2479162107029935,-0.22957659659296373,-0.011642513081723755,0.6722959045533597,-0.12683374202458117,1231
-0.06557025413280297,0.6633673836974309,-0.12744993794039203,0.3616368164874225,-1.191632778723171,-0.170668997364215,-0.1222737778478959,0.6396003805355961,-0.24182877667308303,1232
-0.01845577765370972,0.3305358432153633,-0.43283424498665135,0.10001163042449575,-0.7000657070644619,-0.041275645922125744,0.15816955114370923,0.3705068547346368,0.007293148489139036,1233
0.2685155566651056,0.4239922770096134,-0.3119061493447039,0.4103600894439139,-1.2539837808465686,-0.43327720076717224,-0.005162120971610389,0.5777220685667482,0.06644196169430479,1234
-0.3797940977321157,0.17884487163912532,0.1531022569200193,0.524690321434106,-0.8922723512738922,-0.06152254891838156,0.014583118989471936,0.9398692708286663,-0.8256816909866247,1235
0.1326190484456661,0.5042591661770272,-0.32244640661815727,0.26149356084525843,-1.3389399012195338,-0.22922872597091629,0.2586654326370147,0.5743165580783022,0.0017816953105119556,1236
-0.027843584141726878,0.23774661201381186,-0.5163758018913484,0.23444910214194747,-0.7578795722634489,-0.03942883042231735,0.26343778247345945,0.3397084191481594,0.1943263536787663,1237
-0.5609943838763364,-0.21874182975484774,-0.4921849654293527,0.5503231033833907,-0.6341139121628331,0.11343071423657035,0.17225173817464196,0.8569781544706487,-0.19138994528902886,1238
-0.2741213340258418,0.37165707832710526,0.08635497436056479,0.8572187714833966,-1.0562600652824212,-0.43582511202786395,0.1958893732937427,0.6098566523004745,-0.17830733316223793,1239
-0.003342330545474864,-0.06898494433751856,-0.40459315543476504,0.17969132251372952,-0.5718631022241578,-0.030120371232609907,0.42695145346010477,0.40547800022305946,0.08742171051661422,1240
0.4104914112757432,-0.7888399640072399,-0.33813628312810035,-0.16173131911331654,0.19145530095055277,-0.153208407690332,0.10245881140806226,0.5607019163309647,0.149496726586256,1241
0.12730350338707494,0.27163036927172124,-0.25175169263593045,0.3855387646406459,-1.1052089989755056,-0.21368846768742436,0.2945520678724926,0.5680142268354138,-0.040784627436914266,1242
-0.040205219069107,0.1729037965142441,-0.32671217754213494,0.22885754085318596,-0.8115271486467897,-0.01885894606195941,0.3818054305496615,0.3322097555875141,-0.07904889694426613,1243
0.08385308899215159,0.37284011995531513,-0.4112535961594422,0.22585467217898098,-0.9487914792452581,-0.1821715575149602,0.2823285109075638,0.4242523616569516,0.006714363683662172,1244
0.2890894169024029,-0.03317248440225922,-0.10628706847591361,0.19136320519775277,-0.7644529380115995,-0.3064472767600307,0.0017360750704620107,0.8082041870193072,-0.18690912206161933,1245
-0.4230661765383308,-0.02283164174523924,-0.3202656341773577,0.6063871188360508,-0.9483381728614593,-0.03489873975346991,0.10699279418952876,1.0651027946983131,-0.323207483541968,1246
-0.019642131799252546,0.17948534816018608,-0.6251198839949161,0.3721770352455399,-1.1942570448102838,-0.04488746934679347,0.4726757509148635,0.5368006354556385,0.1785651108012972,1247
0.231436596758113,0.493953110907435,-0.31191518397933,0.4626794756215446,-1.278135952583801,-0.32294347930074835,0.07116076191088413,0.6929764799524264,-0.010891810171146475,1248
0.02828656592647378,-0.13487468445316034,0.03284901508820501,0.3146711029178309,-0.5763159574739155,-0.24415881400941683,0.37275556578724844,0.6811865393765755,-0.24275302866785864,1249
0.11759366425876487,-0.05880538937470633,-0.5041712095770383,0.23574868738617946,-0.7941181091024718,-0.21323785687538635,0.0969077420897682,0.7746434473976828,0.16441632290038488,1250
0.030944847492467457,-0.35402648339036863,-0.20313393972234547,0.04893256942494233,0.1303181856062318,-0.015189557283683614,0.18179109961508078,0.17810294745399335,0.0741180393490746,1251
-0.2525925688116948,-0.22665753164144523,-0.18062908746412681,0.5478110613489482,-0.90058324869454,-0.15436069964484314,0.26175537837039164,1.049459264540358,-0.49116157457470594,1252
0.005413946569347571,0.03130395457170092,-0.4801516637206703,0.33025638018658837,-0.9007807538304843,-0.17882401829882377,0.38951853477120013,0.6074149355999139,0.13745974774379946,1253
0.13550621902474347,0.596589206400861,-0.295338045513362,0.20063153830480446,-1.0389553327457506,-0.1425507693294207,0.18564071798640988,0.35189010735067344,-0.07923452319972192,1254
0.21294407963211387,0.22715674082734336,-0.3016310936836427,0.3494968054880303,-1.530336070974215,-0.3893328595648211,0.08443244071243218,1.2217410285955004,-0.2435956668560553,1255
-0.036600742429777004,0.6624666101211075,-0.18809733004627238,0.4280813835215344,-1.263441842666332,-0.1816797107198027,-0.005081659468387582,0.583354624617081,-0.22986431889324735,1256
0.10198672662024681,0.5353680895804526,-0.030997309630396437,0.36716687723636454,-1.273537705535438,-0.292276523145253,-0.07502651668537924,0.8525175387300905,-0.37852148198198393,1257
0.2671108425741848,0.5438021700112925,-0.4119542326939972,0.1439589638195523,-1.0967398130479435,-0.2203749361163848,0.21101124285760123,0.4264504838738792,0.08536049606868268,1258
-0.7454076894222591,0.27182172952018135,-0.473401420703923,0.7015077004904041,-1.1025172427880732,0.12506925596657184,-0.11004454144046297,1.063452280780507,-0.3015661721070407,1259
-0.2710168814220335,0.4924969971654747,-0.416758993588133,0.4869075708853917,-1.0885424227189453,-0.07837316654088486,0.026892695270818518,0.7021413966104592,-0.08388905862979013,1260
-0.04138681180323635,-0.16901991214630305,-0.1904025178929623,0.45078982998297434,-1.117544460062901,-0.2499414701267516,0.07183153068703049,1.090850632889554,-0.28467699476313113,1261
-0.2225658695139784,0.17481604225297986,-0.5149480222703842,0.39372718473466706,-0.9829578397151726,-0.0245552523542887,0.24846556236883333,0.6559828816124887,-0.06911353812665705,1262
0.08324415773298403,0.5312075399030594,-0.20582024807842825,0.40667781906554346,-1.1906412794007797,-0.31201803459646393,-0.020818283827445286,0.5518302190932106,-0.06464318043517232,1263
-0.06948852643439878,0.11022425522695396,-0.35837266715797855,0.10515900159398765,-0.5619190670767451,0.00011792066907512043,0.14236541470399275,0.4292507091281936,-0.042629598526551994,1264
0.125323170122377,0.01074789548289157,-0.1439720273891629,0.4688989128139916,-0.9193795578674994,-0.37366175054873724,0.21480799030304185,0.8708472423492588,-0.041018183254689346,1265
0.23016201388338914,-0.380605681410932,-0.40771426470235256,0.018657790210571495,-0.6295848702931311,-0.16533344821975765,0.45689198157246186,0.7252339137449738,0.15802469793893933,1266
-0.0465341071616411,0.5684628271509109,-0.5693782723902788,0.17274119338633656,-0.781078766737077,-0.034121905024673285,0.07039885529300645,0.28969011880621093,0.22837395745723446,1267
0.3107662242734082,0.36395182534417314,-0.27180880605342167,0.27919882994898687,-1.1228375105969597,-0.24734434695784902,0.3019849813473587,0.4489714603433427,0.06600549933104617,1268
0.4709522529344967,0.1808200077404241,-0.2950074737662506,0.20858207319241656,-0.994623253186476,-0.2822525364856657,0.3109646059008117,0.33808055317278435,0.21178191550753558,1269
0.0035299004598858545,-0.002492788473499321,-0.8087758273316101,0.3537478801574098,-1.2750268524145336,-0.09269996193973574,0.5756002117383966,0.6986253137941107,0.3094754662313052,1270
0.1589850290827221,-0.4425058663398599,-0.46762017641653414,0.19206618781401447,-0.5406087131690094,-0.13133942427818784,0.43082177719800324,0.6546703876990833,0.23803967866715717,1271
0.06292253107482906,-0.43018298982886355,-0.22750010281172472,0.23770020074041343,-0.5133576485231868,-0.2087381008916157,0.18331817386354965,0.9051005101871393,-0.2951620917533204,1272
-0.1297256479943346,-0.4205994153184512,0.04623348143607562,0.38614859193181267,-0.7859927351946916,-0.15739178437043366,0.5628854840588932,0.925896351390107,-0.43958467733280493,1273
-0.034531712946938097,0.6976635315861788,-0.22504646793170532,0.5472207825977317,-1.3489016330843178,-0.2318800442138949,-0.018344161164115306,0.7348425859996007,-0.1923747947866754,1274
0.31784939967726983,-0.56884854041534,-0.0868648540525843,-0.033748603488871036,0.05838829543758176,-0.1619517964558916,0.4370953846855956,0.16760892919569803,0.22197004598950204,1275
-0.06447871638813979,-0.13073284027028806,-0.03602191852102426,0.3181210988456325,-0.6716362644478635,-0.12110061920890426,0.21457590361449339,0.7016588190549492,-0.3530352050054778,1276
-0.3533746177917781,-0.35821612327001057,0.016342911569727815,0.5590996380786327,-0.4042795778078663,-0.20548007165698606,0.3539739842012295,0.7282061936232831,-0.25171830509481324,1277
-0.11915891993445266,0.056877571837343696,-0.048586575839044285,0.6183901481607661,-1.1572250425273487,-0.3169180513681028,0.16991230755905315,1.1271450206895626,-0.33969387216843777,1278
0.05766778817123679,0.07979079502181632,-0.37171898614222854,0.39622129037204634,-1.085312026157577,-0.07830018431532605,0.6271373315127299,0.4934319076869393,-0.002035577970194899,1279
0.13914773472018455,-0.4099134197726723,-0.43823130634031404,0.04544372607735026,-0.28108487497963774,-0.11769707679588272,0.045137508669786386,0.6448572059886962,0.07893000074228822,1280
0.21934959109906405,-0.8907235943367564,-0.6111358478303822,-0.19062886920651,0.21079639041698978,-0.11334998621038177,0.07654177218078734,0.8361517474162844,0.33169262751172957,1281
0.03124341165929945,0.5128364297805799,-0.2703848455376379,0.36724347962978054,-1.4492036498270673,-0.2680499241687607,0.03633626771694797,0.8463684787662306,-0.1823532724126131,1282
-0.23316324741449573,-0.17865904167341545,-0.7040011536708615,0.4830532069923337,-1.022242904245189,0.012650447578052053,0.7145599550664824,0.6636695992643119,0.1705944448287392,1283
0.30904534503908965,0.05808421111062357,-0.6589612433611677,0.058434496226016236,-0.9082185163085911,-0.22130595514511892,0.32432572623699274,0.5177202004488168,0.3602406085116658,1284
0.009283570059848846,0.23833301631616996,-0.10789234204650255,0.30924896639000654,-0.8724808978295561,-0.17433842099128663,0.14850838057811536,0.5746506247915155,-0.30255517034375246,1285
0.17770549671944574,0.19073093611693617,-0.13523740336483792,0.347046939695643,-1.2194038571973926,-0.36258759182380207,0.022148962733659464,0.7798208166117815,-0.2984558384839928,1286
0.3137639468809033,-0.426778018395415,-0.2936380179980965,0.11555536078171007,-0.5569286768457483,-0.24481197810915675,0.1740912352039888,0.8114078989405715,-0.02150525168478899,1287
-0.23159654374206243,-0.21358439677039748,-0.3958423166201021,0.3203586258490565,-0.6206581317172363,-0.04863067272793756,0.1970974544249436,0.8326284493019124,-0.1309468710321768,1288
0.002777003351169961,0.04230536454547353,-0.4498576270408411,0.3515324831038997,-1.0648750333245813,-0.20622136515991785,0.13416579968987746,0.9386057716296187,-0.004423102065204501,1289
0.38389676173881576,0.2171628080558227,-0.10751396367667153,0.25435440156656924,-0.824652184929221,-0.5039372334876352,0.21747032777219188,0.49006481357563286,0.18303632414435225,1290
-0.034161041530655314,-0.4837860944131601,-0.5519331874596628,0.27367258709791265,-0.6846573196080731,0.018010413089658492,0.832052275484319,0.545744263915231,0.07604610314102678,1291
-0.2601279658222372,0.3659870823941449,-0.40717120637883214,0.5967165275959441,-1.080021336742117,-0.13110655489266795,0.10030728180166851,0.7343581529556203,-0.0636505396884882,1292
0.3433583517533681,-0.5769782635129957,-0.3814761330374137,0.04892123081657835,-0.1901316513702899,-0.23481723457401552,0.08362874434188203,0.7140280204162187,0.1510187766709096,1293
-0.19149975315947246,-0.09621835848489843,-0.1289553300508241,0.4839860766460861,-0.9216127066220969,-0.1939012742609304,0.09535003724342835,1.0497591878874113,-0.433317813524743,1294
-0.2335696025612214,-0.0006233405145797925,-0.3498038874289274,0.4213642538152965,-0.9125246559348889,-0.10542742919960776,0.29005635951885717,0.8277828248865654,-0.1537905378015219,1295
-0.11588319219121705,0.13896116627344032,-0.3082763717900906,0.4496778259620667,-0.9759036947515123,-0.19588934721138454,0.1891401075915491,0.7609009574486162,-0.02274320259424694,1296
0.10361809053163114,0.00038749762378460014,-0.2950706049388118,-0.0004883826855508995,-0.4568588453766098,-0.05774948367000994,0.1803707623681618,0.43107688838747227,-0.08172398449826915,1297
0.20829537874110393,-0.4226522688302092,-0.3012966962045419,0.14561745095496825,-0.2302595434638304,-0.1785465088718898,0.06554537618271226,0.669982656664223,0.12978146046591682,1298
-0.08513179178120932,0.042037198217139145,0.06114774738775551,0.7540121097138437,-1.1081831580919352,-0.5753547256261379,0.1405568592008759,0.886641700415154,-0.21812587533407124,1299
-0.4747489725353779,0.037648323573047926,-0.6921817499314561,0.6043812416330422,-1.1641218338188475,-0.041153865338968997,0.025042377930421827,1.1465065104557288,-0.03673366776067487,1300
0.30578125599646827,0.4930594321637147,-0.47179264368475543,0.3024518762617052,-1.469662911830235,-0.32564700300647764,0.21743233589009134,0.6761760371131265,0.12656263649976493,1301
-0.17971221401774606,0.16663148244402903,-0.567728486698412,0.3872714357021974,-0.9666224728916984,-0.04778627533516143,0.23546820986201006,0.652504271214816,0.14518085640441514,1302
0.0022846035527647472,0.33610674690883097,-0.11552554029248854,0.28376449009308985,-1.0656693350095097,-0.2088432463789748,0.03005444838902171,0.710234537546924,-0.39307301218605106,1303
0.1558593679265208,-0.18849811568056976,-0.28357673895101837,0.18485164458428802,-0.8763934862672421,-0.2497741521637503,0.08929657844366456,0.9761387515885253,-0.12931777030096853,1304
-0.28936687830290936,0.3504157582653955,-0.35927405764541803,0.5554922198395321,-1.02334881506387,-0.056345425245794147,0.08413150184717923,0.7378515510155033,-0.0838327628096285,1305
-0.19868161711743076,-0.050403354158119626,-0.634863552050834,0.4549107007991817,-0.9446925461894219,-0.09544511196140298,0.22482741820283417,0.7929015163919467,0.1942841835763221,1306
0.15443867997275545,0.6043317597778145,-0.20247822786737982,0.36079695567556636,-1.1086323516031413,-0.27071882930049485,0.13409964657282902,0.4956931515395009,-0.05369578884132338,1307
0.31988173259300234,-0.11192426143169149,-0.563814523736743,-0.26170860663814033,0.09934846708127121,0.010305986394039164,0.22176133982663696,-0.06933552912862481,0.47231353128049747,1308
-0.13057420549904725,-0.2701651850785515,-0.03280115139425573,0.3569787261284263,-0.46230014268477326,-0.18960598648598928,0.2719106037194754,0.5830480996556143,-0.2079255847935804,1309
0.26836485411341005,-0.01428896405907994,-0.4018357065848162,0.16084592994954616,-0.6775742773943645,-0.28172282058251785,-0.20390631474452414,0.7289761600397079,0.05276392487634087,1310
0.17559989371546328,-0.27223954493985775,-0.32120697446993546,0.013506152432930952,-0.38922320444423053,-0.15490037161559805,-0.03023035256678377,0.7396948298228222,0.00019654342021264293,1311
0.36313693862055624,0.07907572151844248,-0.3952505315883977,0.16932551769371174,-0.9195975486241682,-0.29167662174561465,0.10832697349292612,0.6031639697568042,0.08630440923149987,1312
0.11316622729350727,-0.8332447586462008,-0.22938629349866305,0.09265902291303697,-0.06730843873665066,-0.056927925344379016,0.13656645722180685,0.8178161155231277,-0.10568537944664379,1313
-0.36150039473527096,0.02693215512471376,-0.48780379836722265,0.421317574373034,-0.8346697704713614,0.1502133603938109,0.40005420665263813,0.4915747404468362,-0.06447347881233899,1314
-0.05828812629516132,0.7734704168234624,-0.16786887205686044,0.38083578751278024,-1.097270098098181,-0.1596942459894369,-0.029353801603429572,0.35177573665410977,-0.21279314375658623,1315
0.4377228338513054,0.41206709958571397,-0.38334713094643535,0.2796242972661365,-1.4270613653487856,-0.45296629219349815,0.15125754648892184,0.7741845825588739,0.10773971817578797,1316
-0.20665620159079817,-0.29677032973984485,-0.73445787726281,0.5467875016019406,-0.8977245079485486,-0.27289133404614974,0.355347101161875,0.8638842661866686,0.36773030013964897,1317
-0.11165461218880594,-0.008919976017115699,-0.8240881659293436,0.3229893202645017,-1.0778563653318212,-0.12278348504417791,0.1037320940108326,0.9760318200684631,0.24081932651684848,1318
0.015055615891256972,0.4379854466407362,-0.12723672591803475,0.46228219869514875,-1.2263233822144317,-0.1938305307027937,0.11419262750796584,0.6361187781246013,-0.3053713009272126,1319
0.027697114375834473,-0.15694560396358798,-0.501414914879391,0.1652838563891476,-0.7674502431513996,-0.1153350675849422,0.15237371309657222,0.888998112057899,0.07937567689359531,1320
0.1619263279613532,0.7324320143976919,-0.16668803752871444,0.5563756389643856,-1.1855773670773622,-0.3177333250326712,0.43659761826382654,0.07410526424217607,0.2653333990713994,1321
0.06952758063369815,-0.07594723310006497,-0.5687907832410193,0.24594144772608398,-0.8136511588270487,-0.1389321702798773,0.4742510436862554,0.5577486526849826,0.33011285799690504,1322
-0.19201344083387942,-0.3288461245168979,-0.4362664165092568,0.4360565449624639,-0.6689848516899978,-0.08355899292789265,0.21547086498712845,0.882494299079544,-0.013737604850999011,1323
0.1692576342378259,0.4202103773502604,-0.276660126965811,0.2630024205884983,-0.830890504678438,-0.2066359402749314,0.24469282484479116,0.293487740428874,0.08511471982813254,1324
-0.557820647494312,0.1963590737671558,-0.4191647096737515,0.724477593936768,-1.2738062001522168,-0.014245931016177207,0.1272080911993698,1.094101061264517,-0.20334919739109422,1325
-0.13134908455606475,-0.25066522573766525,-0.38058677282925746,0.3775758818472986,-0.7524096744538754,-0.1235613685382771,0.2929239063026016,0.7542718324517891,-0.06967352882929725,1326
0.11934556934282997,-0.22303563083187158,-0.28029592963999955,0.3233748808092994,-0.7243603540057242,-0.3064895278601407,0.379193549984863,0.6888062496549107,0.17010457107815985,1327
0.20674093802149146,-0.19915235607906834,-0.33623655818105314,0.003067594480419206,-0.6273915454613378,-0.16475305040781774,0.24374327216331135,0.6084500552371161,-0.048403179808384274,1328
-0.12488421595742692,0.023665584248280174,-0.04460060226677565,0.4142445841331598,-0.9255032771829063,-0.09805840314823333,0.3735371255658066,0.6911071129718949,-0.40462264905367584,1329
0.6210334729472066,0.4374102875732724,-0.3945139160672917,0.13687055365090708,-1.1379645068952984,-0.3092329233241434,0.41125726450839173,0.2685297722956507,0.40748276035492026,1330
-0.23801371571981578,-0.4523512064507482,-0.42156679799381924,0.4211925003629739,-0.9169199399525004,-0.15213995525409343,0.317830343648629,1.2442047342189821,-0.1483556925868218,1331
0.1825853522169644,0.7643731712316729,-0.23825316943381375,0.3749669421826975,-1.2219370697875893,-0.15907772135373102,0.16798593905748835,0.2158647974000033,-0.006649065470038871,1332
-0.12158078932982856,0.4730098505911374,-0.8484232505190501,0.3159343909819188,-1.0528845549662265,0.09499037022880678,0.5197831600662308,0.11208446814919983,0.4402324751117013,1333
-0.10323501652359292,0.6957687830386027,-0.2205629956883897,0.35395773917022266,-1.2350162891227014,-0.1805014045024601,-0.08981090966083426,0.6281201617060547,-0.292293685853015,1334
0.2952097198593442,0.48801791338014733,-0.4527823309384283,0.300160285575319,-1.3783476852458023,-0.360057144285869,-0.04574086775389866,0.8067243435266057,-0.004171675776853377,1335
-0.15346103531066538,-0.548636046581947,-0.3353456034345751,0.26666764451946423,-0.35185958135093454,-0.0388180585780517,0.10275271126297589,0.9293935879810973,-0.06188525676022033,1336
0.20101561805516432,0.30252057615494915,-0.1548310179097928,0.3401024076853341,-1.0019556153418758,-0.28281575408044557,0.18818232750965583,0.3591432253489414,-0.01832085070892444,1337
0.42369320409111666,0.6070159529819629,-0.14778748029129038,0.20474847037082808,-1.1518591325548257,-0.42204160822557624,0.19593042729235768,0.40688653048557677,0.1747703099382047,1338
0.062179601527586864,0.49329875212822955,-0.033465468244445414,0.6837656078735506,-1.3697140233121938,-0.34840129803240455,0.10697060983315537,0.9017874892649391,-0.30383892763719994,1339
0.18869783315523472,-0.09550615350485196,-0.38192023551006765,0.23394293413837053,-0.8161118844115739,-0.15199530711416473,0.5310871701279387,0.4755231318881231,0.12151080738064686,1340
-0.2745744118536082,0.325213276964205,-0.03331635518972823,0.6062119648651805,-1.1666392605949325,-0.21034570040739833,-0.0588461557387892,1.046515192692674,-0.4427047621683753,1341
-0.6965566729868552,0.049038479107933304,-0.8516799683955193,0.6128161789015611,-1.1401464265956995,0.14414914527163838,0.09382215739586493,1.0757577269677803,0.11441901782661591,1342
0.020830344322586406,0.10720115153742682,-0.30152931800150806,0.2629779815016355,-1.096106266161123,0.07317880167313444,1.0106384160194875,-0.001611527308097772,-0.13559817840007982,1343
-0.14320962721498318,-0.04342199050489275,-0.81233827184371,0.2504168215456114,-0.7024421424338457,0.17492314104545897,0.8535939200113343,-0.038870581609656285,0.534497530302168,1344
-0.11610120951243012,-0.2849050373033483,0.03165429110434192,0.3565156472902472,-0.7845974547367728,-0.14304241066723394,0.24483591235886915,1.0093350948157067,-0.586119014280635,1345
0.007285397677991451,0.2712402389803022,-0.2834857821872011,0.45303557852253196,-1.351916268854428,-0.22602021444238413,0.049717130931065084,1.1068060141636002,-0.27905548332901364,1346
0.00038704758046097286,0.24521740401500097,-0.6725252071859021,0.269829495642262,-0.9293191883557345,0.003929185957883411,0.4638995326639307,0.2566393325772229,0.24262772125806772,1347
0.21894853919956297,-0.7386893351068929,-0.40846717490666773,-0.12732196418198963,0.2395972699198352,-0.06956484912031385,0.12720483287465373,0.5202761072394607,0.20516779038758026,1348
-0.21028204445851037,0.40420547517869637,0.10214875422848126,0.4478450020736554,-0.9883388662462615,-0.1182316288568415,-0.06619825594524796,0.666447745122744,-0.6117115284971026,1349
-0.05120502175232301,0.2206291046306231,-0.6137379791768722,0.3425248810005337,-1.0979239631446538,-0.14700619870106513,0.2001174505481879,0.6573343525621864,0.18487868211791214,1350
0.11675236026872289,-0.11022705300461766,-0.341489668329994,-0.044545873343051684,-0.25722213591901916,-0.023481689085900176,0.15154323158479105,0.31150969992446353,0.028403390168074114,1351
-0.43059687215256676,0.0434088226058062,-0.6466822236399477,0.7352993618449506,-0.941054839022759,-0.10828378038573042,0.4682304699376515,0.5732646736224194,0.27510317002678025,1352
-0.4172668783325792,-0.15782415855476914,-0.286969624374234,0.75398642483033,-0.7154145518002148,-0.31238970354068096,0.4000217434005179,0.5414955386485728,0.12648401697342881,1353
0.15290576441521844,0.36015736783270924,-0.34871913834343643,0.555955986642561,-1.7226908015645843,-0.38071158052082277,0.08873130661508266,1.0556078070356036,-0.1677930986705811,1354
-0.4570170405380091,-0.5195119027655494,-0.7240922804021006,0.5395229444387891,-0.6469586075948852,-0.003227230959804847,0.3572312626230713,0.9194910381630196,0.06743141930441944,1355
-0.21419037305413116,-0.12041843928105439,-0.42535715063073387,0.5399669772960145,-1.2085394898845845,-0.05921365858884574,0.4033011978448886,0.8803649257855873,-0.07860037072869644,1356
-0.34921688215530494,0.18756109809961705,-0.6637401114443239,0.4730988276336916,-0.9265755979159437,0.1376592486728315,0.5275951301325293,0.35732970417928717,0.08820300020664376,1357
0.16461704069320643,0.6672336033591354,-0.45277124585674733,0.33736776797712426,-1.1264444285926805,-0.09709888633854205,0.4142498026120247,0.09412221352025534,0.2429613810564173,1358
0.16942051221797166,-0.016850727233521597,-0.1051292544519889,0.5245919433638615,-1.2122127599098942,-0.24422858508817513,0.5136381156053044,0.679133815737312,-0.11955904997258669,1359
0.33418146162814216,0.292163561493559,0.131326095573014,0.4392143065664516,-1.2993219288458435,-0.6447255723010203,0.04725563056581693,0.8282529059021961,-0.18240328538564796,1360
0.14608818109385474,-0.12274169312298393,-0.24206641281473903,0.13798787111989957,-0.6735321450607226,-0.16675611456433126,0.19741495164907472,0.6220544218261238,-0.1530778988153055,1361
-0.12447872485627598,0.2636222596589908,-0.531313738089305,0.3758653347932483,-0.6913484292046312,-0.01770997101812516,0.5932449440148787,0.031055171522738356,0.3704939641193481,1362
-0.30819744727194076,0.2799521453997909,-0.36377056904956956,0.5118869930124754,-0.9693694866295514,-0.07555862250786657,0.10617046402657092,0.815026380013443,-0.10155117213341928,1363
-0.04147195914130078,-0.21365578019429265,-0.3910116231568039,0.5009583066129366,-1.1885009133009996,-0.19419600425982408,0.6517340321216184,0.7403947687111455,-0.02880270266437426,1364
-0.2098225105113221,0.6326590221138857,0.2080386500516947,0.7109503761571548,-0.8807134169040675,-0.22117250803877633,0.033474910765159786,0.27193177918987904,-0.3794233039990904,1365
-0.5505959723718244,-0.021411979932823243,-0.3357267529398549,0.7629375463145806,-0.8760183420216318,-0.13239284712042332,0.23656890950127069,0.8575886929521831,-0.08240532086563634,1366
0.4119670884864796,-0.016922579368242208,-0.46114889126673286,0.06474573151430556,-0.8598229356334538,-0.21951708926876426,0.544947582645414,0.42729793217179807,0.2044877476176894,1367
-0.21242363998762898,-0.08640032864314728,-0.6418472924033428,0.29109593169897324,-0.5173849652096137,0.022717318175413722,0.002585996582692397,0.7707816643792178,0.23888849469744505,1368
0.0435816149405974,0.25006146351970454,-0.3379981977187957,0.45562464073001724,-1.198475787230715,-0.3408303435916463,0.015243177747257055,0.786729097405223,-0.10758643929795364,1369
0.27021598878394815,-0.5131818941505247,-0.07678656822520352,-0.007755560660918876,-0.15124795482632933,-0.2841812681653035,0.3122142328843996,0.5253840078532802,0.008752700102212267,1370
-0.5108337829316151,0.04550912960906692,-0.40983539019686355,0.5330481940591177,-1.0149062512029103,0.05692282041765934,0.28647655511531195,0.8894812586531723,-0.2732315495110125,1371
-0.13197192896492396,0.13191286248868853,-0.27328624665943796,0.679680114438437,-1.0571366752063183,-0.19482720333053188,0.46504309794142695,0.6706117316175738,-0.0342756756319942,1372
-0.2877295308503498,-0.03003115258273815,-0.8384690729132491,0.3622577102135075,-1.0364082378364707,0.030189058331552367,0.26578293158751204,0.9440305328957648,0.13711041174793237,1373
-0.2581150033938444,0.004904781896825184,-0.19229206379149988,0.4480710355145179,-0.9045856245975223,-0.12738430723702854,0.1798085520708403,0.9475952602560448,-0.4274392299873349,1374
-0.3471487795582774,0.13344363020052494,-0.9579679020845603,0.4905490313696642,-1.0876720033048473,0.04242979229817767,0.2404401568503224,0.7434726146472835,0.4052282640093649,1375
0.1323923112118575,0.2183497205451259,-0.7653041151355137,0.05614138856711133,-0.7323412116774235,-0.05192779467486284,0.39413970667218956,0.26456793468459067,0.4343677601739366,1376
0.04444884434799775,0.5023586876093016,-0.350873597108795,0.5030516644443114,-1.4331901299489938,-0.3573438265301513,-0.11561792411333313,1.0238611466895198,-0.18281720895219322,1377
-0.04285491075873592,0.4736681157779949,-0.2979618087035112,0.5041419514645137,-1.3957274841076441,-0.2295530323873177,-0.09079440671155897,0.9115088971182613,-0.2956771050665733,1378
-0.31778735715482825,0.096609354477502,-0.3361864579157504,0.5267867520730508,-1.0073763821023924,-0.02981060556221698,0.19378154533183592,0.901380314009586,-0.29853041281490555,1379
0.0007859503326421757,0.5892240025351551,-0.3838617444342723,0.3280890626099705,-1.1225998648141249,-0.1744831632600739,0.1225389697897626,0.4683931523885524,-0.006315678553206643,1380
0.218936280456162,0.45364727230845386,-0.32952385314069355,0.1617568456936428,-1.1503319095291318,-0.2624445702780365,-0.009602608194309522,0.8031765826391466,-0.0354033459961492,1381
-0.17568528060251226,0.3859037463045788,-0.4783586108003123,0.5686177043246431,-0.9799694810179929,-0.3506760384088457,0.18068327153654848,0.42002792533022754,0.28356587240091546,1382
0.0797853145043289,0.19956218925960043,-0.257135114433253,0.47016473206537185,-1.4551594407487163,-0.35495642981558834,0.21153077630078293,1.0475118481762005,-0.230890604102407,1383
-0.247090675782391,0.22379952824588026,-0.513423513373861,0.31406935734437136,-0.8224595919880688,0.00677469410832963,0.008458036901337625,0.6505078601183918,-0.08381470724583853,1384
-0.2325650316619146,0.4123911761305893,-0.19777848309369697,0.6125446998593136,-1.0509526759439496,-0.12683096731485397,-0.014424235597698235,0.7205826355286878,-0.2720941458590024,1385
-0.2282746672767852,0.025999647772273454,-0.6399782173359891,0.4017563170546323,-0.7226423767800568,0.06679943756972914,0.4483467115955407,0.4006677113298996,0.24835425164380864,1386
-0.17901726698532944,0.12209595775178754,-0.38968356484519767,0.6345936240032538,-1.05174981463849,-0.2264010593862909,0.20610786486424415,0.9156985019757027,0.005163046474594381,1387
0.1312125776682612,-0.07534395634303472,-0.13046454460474322,0.21499807675416616,-0.6519062047285837,-0.10868473331973612,0.3593602819710048,0.44769535244199443,-0.19489053170050125,1388
-0.27984158667969483,-0.09655013295553565,-0.5162068055781172,0.2917382341249459,-0.6758930615612204,-0.019211823947366532,0.12383658869989286,0.7754726725629586,-0.16489207771256126,1389
0.30982437678063657,0.2526677908028435,-0.24501850322686622,0.036064234022420406,-0.9381261843723351,-0.2557871795699651,0.10597479543821675,0.5254101797165424,0.043423912889356965,1390
-0.0332785765497638,0.24990742160645307,-0.11929112447203732,0.339085164972277,-1.0468888341244789,-0.2987872716400839,0.08272148785035686,0.5213364949309462,-0.12750855958548474,1391
-0.679811514672463,-0.02685841313706567,-0.7138687336715974,0.7697833892232453,-1.1236624276082767,0.029237005761472357,0.26158070193717525,1.094916129874639,0.06758566895687972,1392
-0.49464826056105227,-0.2839305642262741,-0.038935880022208366,0.7957223835303352,-0.8293358423810367,-0.35380478577344315,0.3241602336451891,0.9095047292904178,-0.3338410495596141,1393
-0.02236420109349252,0.1940419004572056,-0.25125986033959596,0.46720168487256,-1.0712744175626145,-0.07373586915648056,0.6778166398222754,0.27304768958261866,0.02535146838573907,1394
-0.1732852147446108,0.34451579539549093,-0.25771494537681033,0.46349127423339165,-0.9874558366094359,-0.1734541862375524,0.1716925458516586,0.5580784398548478,-0.1058969073177224,1395
0.1684049808985432,0.34262436765656923,-0.21645774686166153,0.21306749365654404,-1.2560716582720235,-0.25324561496892645,0.006179074635105636,0.8187325482102799,-0.19590417948145336,1396
0.042652059041386116,0.37056699263360315,-0.09861666598746759,0.5058581085461894,-1.2919747529982077,-0.32018046820821167,-0.07228090053356484,0.6219580538951053,-0.28456908781373824,1397
-0.1584723094746274,0.18716730386957467,-0.8469474325954214,0.2689129428938823,-0.7181828377587811,0.12094762331239567,0.5595361335727955,0.10650671382423534,0.47950646342760056,1398
-0.05638383400784587,0.3946135844633372,-0.1245157697384986,0.618700953120919,-1.1202399164957553,-0.3010130636117613,0.1329990377067712,0.8278868526645358,-0.1395010218546598,1399
0.1694438406590727,0.2777295700486875,-0.1894719876310454,0.30256906560981706,-1.1305653301271825,-0.2380137488715927,0.23608029813321685,0.5184587825859359,-0.16390474519060627,1400
0.1499063457111319,0.3863437390024043,-0.2959049708529877,0.422936997139156,-1.4469983644463478,-0.31021570764335266,0.03951992877271355,0.8367030915953332,-0.15835984397360284,1401
-0.7109636377296866,-0.30716615310144235,-0.6022559293799951,0.7298825789102388,-0.7817158198503972,-0.02751215292989099,0.07890759330620584,1.162237194500189,-0.16424707548838316,1402
0.11767138555309054,-0.4790670317069026,-0.19838420115344682,0.100785657808956,-0.23764575964546178,-0.13595015901508703,-0.009969021757755967,0.7846150598867956,-0.13692405846210473,1403
-0.18565804888570678,0.21476045506645547,-0.7576985925405825,0.34915764368047075,-1.0251656359583645,-0.026142364426240815,0.25510020100064973,0.6348886646920872,0.28293063728368106,1404
0.16028903198063527,-0.20178857440959672,-0.039766171394752504,0.2262845419445947,-0.6401821524528513,-0.2049513172643123,0.3180512673528122,0.6315035182593812,-0.2159566242451963,1405
-0.15996001873180282,0.34592361833624746,-0.5480538693867162,0.28025881256624013,-0.7352558093806119,-0.013881865798457781,0.23760847030085283,0.3379373534040641,0.20009373642163583,1406
-0.01148633338168979,0.5699811827897067,-0.24292703712967303,0.33083869108904423,-1.1626325236476929,-0.19648044019992136,-0.09685340595544814,0.6903730403144378,-0.22619058713348975,1407
0.27436574414874954,0.20978546010375254,-0.18162281354881885,0.27239022935481516,-0.780377715726395,-0.19419254360668017,0.7618486877263712,-0.04963050903099845,0.23028036225817697,1408
0.09423951236563026,0.4444853715274806,-0.19866316891877506,0.19800541450646655,-1.0672704972615852,-0.17079178599080924,-0.11283299512420897,0.6141132848367025,-0.31522334050897777,1409
0.41557037381366674,0.4012664981525115,-0.06369433550568872,0.3480591790179768,-1.1490136697828743,-0.518545381215886,0.2848123503572576,0.4928796111555792,0.13783714444666612,1410
0.1778541251182333,0.5632192515415297,-0.2906794256239661,0.5273192083981166,-1.3030658016537722,-0.349800303623729,0.2455944422090058,0.5894028108348883,0.12168439954547015,1411
-0.2370489433903222,0.0255679530890791,-0.7229125986358556,0.5106320179259102,-0.8895980865183981,-0.12487693416587739,0.36695880498074435,0.564524574385664,0.3538050879850503,1412
-0.2803390261764026,-0.3437673882291968,-0.1345903173003633,0.591261995103684,-0.7699957362115062,-0.25576680493445786,0.3248426750588136,0.8688918069624805,-0.3147091169455775,1413
-0.36164557281023185,0.3319850535567436,-0.2230828822363088,0.5395835771209148,-1.1553493017318,-0.08676368352395165,0.004197755676566099,0.9510697726338734,-0.3767105374407712,1414
0.29599036015176916,-0.47136909885629175,-0.3953237241988523,0.2503889013140012,-0.815611412325767,-0.24986350069931093,0.5564793112221179,0.7514822684406782,0.0961700139172726,1415
-0.23738787562990335,0.21036378110400442,-0.3824418051673934,0.4699226439617614,-0.9879413093693769,-0.12260533105149621,0.19976878791929858,0.6816796864724114,-0.0467435528800563,1416
0.24443826161012863,-0.4933307495879534,-0.01219974770584558,0.30110716954411904,-0.7915139556620931,-0.35672274750712807,0.3196723145890648,1.1190687606815437,-0.2087659279867491,1417
0.03417138770713525,0.16874680888201626,-0.548625892790903,0.393868405336977,-0.9444928746737359,-0.04550772874487711,0.6014020277591947,0.3899673165086298,0.1649328001919451,1418
-0.5909879429997927,0.07903319137657923,-0.34447689722000047,0.7647724994436159,-0.679555402604434,-0.03250008318580945,0.23453764526654416,0.5798189750108064,-0.17144086663484434,1419
-0.25681471131701267,-0.36794398197167627,-0.19911609726623575,0.6954138721454176,-0.8718810699831461,-0.37155922546668685,0.30655955878565516,1.0842971118866755,-0.16352374654242557,1420
-0.04128439539022822,-0.559932692700734,-0.07445380704067378,0.07047964707983213,-0.27078513101126783,-0.03184357688049598,0.25365211953364053,0.708676388560831,-0.4347017354947007,1421
-0.026350034692991273,0.05621252786276652,-0.3189922279281972,0.24898596642327786,-0.8024082920508656,-0.13741581797392965,0.2764573927466623,0.5523400114528405,-0.06413438634575755,1422
-0.05489198369295962,0.2547956837933758,-0.5609403622316074,0.17134498487645766,-0.6393253158919298,0.016590038117500306,0.33776870361635786,0.2584615666867505,0.26670300932545826,1423
-0.3038074891260766,0.3932064820878997,-0.6348969406258116,0.49206041515948584,-1.2863065592217788,-0.0742471394531617,0.021086097905862213,0.9322853956409748,0.08756476400583807,1424
0.24627237541442037,0.5057261685800718,-0.23319558609834856,0.34309318489106266,-1.0577971587818165,-0.2625808400174598,0.3944597462350798,0.24485987588922314,0.13016343591016627,1425
0.2300539390846111,-0.42470887588856615,-0.5123625030462516,0.036466374654407586,-0.2465641034423249,-0.21052090730617248,-0.09691038820172443,0.7632820732007486,0.08618548872514416,1426
-0.1948576110301987,0.021020675952588833,-0.6399648181508727,0.4864759999373769,-1.0185938465786524,-0.11288629637381806,0.13668655421757658,0.9964422962451382,0.13962670189185028,1427
0.0032111472803777446,0.38087166956649104,-0.22599868878517715,0.5721439071771723,-1.6126679736367984,-0.41010283303952616,-0.09014929954675832,1.400055129267623,-0.39207307450950246,1428
0.15579041995208803,0.28579397226951675,-0.33026151496303086,0.33091553131637835,-1.132897039871409,-0.19634496824219083,0.2683915297745359,0.5495402310664562,-0.048726989333160366,1429
0.045858941857763354,-0.0012237098363710123,-0.26721089560580624,0.37178952354213596,-1.0284906820566468,-0.14694249753878105,0.5610213566728798,0.5734040904799765,-0.13664751229437758,1430
-0.265035578068857,-0.17079286143469308,-0.1572452073701572,0.44707745956995415,-0.7817815912026278,-0.06334740203722819,0.2637076756587101,0.8759205533575162,-0.46842730586618436,1431
-0.16081676300727207,0.41745409425894203,-0.3127323986810999,0.5149197215763691,-0.8470109962377569,-0.1624492648812855,0.22381943599727677,0.3624516527703845,0.08260437460975965,1432
0.16831782463438658,0.643300201596515,-0.23365058203789374,0.21664113618449118,-0.894060447049745,-0.17956311304071576,0.11094840528665426,0.18251626040780694,0.03997615819228541,1433
-0.7504077893445036,-0.18986927606396986,-0.4906918783195944,0.6933637713485046,-0.7015831681891163,0.18713255542575108,0.04836496019630021,1.0847544796665942,-0.3563585773233032,1434
0.3384483319202763,0.5301256928285881,-0.2540466428563163,0.323198445911367,-1.1924396582133208,-0.29716468338326746,0.21272314516038968,0.5397989950418985,-0.05791591006836102,1435
-0.016278678958283267,0.029814072791700518,-0.43224086283929464,0.41738113142378863,-1.2627261335042785,-0.28233473045013535,0.19374353894890295,1.102305066003051,-0.16280469084509844,1436
0.009732421955924747,0.08183487072463126,-0.13434560379720156,0.2688262211920191,-0.573103277539059,-0.15154522069261162,0.020932791954155313,0.46008899580601753,-0.12782206647554925,1437
0.160515367177257,0.5631545803877461,-0.23603058893135262,0.35747291809449727,-1.104598722090611,-0.28886868251742276,0.05213014998501799,0.4294631586625772,0.004552413258396563,1438
-0.03729742275748197,-0.028342116259623712,-0.292984314697959,0.36574588432285987,-0.7967807917299279,-0.1906395797156487,0.19547748206592558,0.6571218728447574,-0.014062358372235595,1439
0.18359622493994449,0.5682507685376569,-0.3469632002622546,0.14798685670593748,-1.585354324711612,-0.28736889357097206,-0.061353729683964985,0.9624848682458563,-0.25387531664593055,1440
-0.24287736317706476,0.17317573277509934,-0.8792387932153275,0.39086837534246394,-0.9993680854101165,0.16566650362771126,0.6953283419063123,0.1555721989309033,0.5020382055186962,1441
-0.15191967970282572,-0.12077343061450836,-0.7688751603279753,0.08108608044076214,-0.6289243358758407,0.06432472034097095,0.2563813496761484,0.5397095297712722,0.19077541235474843,1442
-0.6850612064913004,0.04242617093059205,-0.947422965905504,0.6596447089767287,-0.5463186917787698,0.22894643252089802,0.4875161071710974,0.3093489824566321,0.44336601324939284,1443
0.011887559052654375,-0.23806061216563934,-0.01452376422527882,0.5156719209143281,-0.9526785169241263,-0.20236958283245368,0.5237274206938705,0.646814475651114,-0.3649554111095725,1444
-0.2497579134032679,0.15685192386240254,-0.7617629160042338,0.2898238554722323,-0.8012657635586365,0.14876131589117608,0.46167922994515936,0.2392615900190037,0.29100208231395513,1445
0.18150657326796768,-0.4479025827875931,-0.2730198875192346,0.010603187193561955,-0.1809170313415855,-0.1429361346847601,0.18893099672637656,0.48043560283584386,0.09107328773039995,1446
0.06092274084253473,0.47575826214937555,-0.0652356789901346,0.606813436703646,-1.4259916362139478,-0.36095541957222177,0.14363502260110672,0.8947232754500046,-0.17908752126489438,1447
0.10296759167783522,0.12170815405431991,-0.324924150006665,0.2494799832495746,-0.9342362586786773,-0.15383396058069354,0.30952545670660125,0.5406685984643704,-0.11332379815415489,1448
0.27185193884013853,0.41048256975497976,-0.5423106188072715,0.12236886544038407,-1.1693421512712552,-0.12854230807110867,0.5090030793434933,0.16979724265228383,0.29277885242623936,1449
0.39127899600472194,0.2538901404902795,-0.314201341757014,0.33560900211094596,-1.1840839907073597,-0.4103792382051785,0.062258044058717286,0.6967519578767901,0.0821048183300818,1450
0.051508656149582735,-0.32252578992669684,-0.20733063678931368,0.26488298965315554,-0.9376210182132535,-0.27009629920571265,0.27858853051978,0.9254487373868445,-0.30666075010204846,1451
0.27485095064190973,-0.4123608280199649,-0.348776468443709,0.17831279273328784,-0.6196893556774449,-0.19801896226735977,0.43904752630783983,0.6202812901015075,0.07974676258726353,1452
-0.22344791222139518,-0.6256694931803451,-0.25089824896457924,0.550354705868927,-0.6669635306657954,-0.34953248625747063,0.3414310453869817,1.140331085158243,-0.09686101598479684,1453
0.02870263412604696,0.25314091006624306,-0.7367410987699375,-0.005124163876452589,-0.7876219647588815,0.03237356548859143,0.37963234894117814,0.283830931212262,0.33216716156159903,1454
0.010237479787237658,0.16055364853538148,-0.17691647885380757,0.24450434732945256,-0.8613040467622622,-0.1620876447426949,0.20103786446296304,0.5435209046575586,-0.23863773911119734,1455
0.18626240261466692,0.09014833690548696,-0.4112416164651329,0.24579159989477276,-0.782583462423629,-0.23672259871100337,0.3880691501706583,0.5001932383847301,0.2266353502008937,1456
0.1447329553083353,0.48019696251847016,-0.4194977866377022,0.23196728309395082,-1.1697959612832545,-0.23204414379002977,0.1424508927302197,0.6118093454071304,-0.008643136339637527,1457
-0.06966458543406867,0.448148731146714,-0.22815929608354008,0.4287605916576235,-1.1296844773902983,-0.14430615165756222,0.14437110895021268,0.5759650142221139,-0.23141684505868704,1458
-0.2550291269111107,-0.13226715548192503,-0.45302296312672236,0.5775151174192207,-1.0650952185265479,-0.12950386200083472,0.3518021667555753,0.9959535179196185,-0.04006317274945168,1459
-0.03352639400522974,0.6061026402893748,-0.15477780783314568,0.6393616031034005,-1.134446726560893,-0.3067397972031778,0.3180531098520846,0.2580475072711094,0.12908071784929703,1460
0.18202177776131165,0.36135780358234976,-0.21998910205700897,0.5097010043542068,-1.3243326009298648,-0.3005605105243887,0.23211623060427675,0.6355928066478806,0.0223462313219616,1461
0.19857760077788966,0.3503151920432666,-0.014610599807546712,0.31302237890595014,-1.2334870817736485,-0.38691719087780496,-0.09611995708850186,0.8351700094065098,-0.4475405898742343,1462
0.14563642293396428,0.3863329438724045,-0.48905313840039494,0.4208958607751287,-1.1807213123589648,-0.13954732482443583,0.6313778084852288,0.27200604722971766,0.3112058158509272,1463
0.1424161766248615,-0.08142116430569668,-0.3088686798566254,0.05720003786623636,-0.36240198079567437,-0.11158501883096138,0.11387286765315667,0.4323749537982363,0.12479722386846848,1464
0.01784797111405606,-0.18318906558089865,-0.5229281907239773,0.2774063251619473,-0.82369076974267,-0.06519557016523646,0.6299185075958612,0.4927256348479072,0.16260903750138533,1465
-0.21953611697960673,-0.40293273985874334,-0.11384940143967127,0.6725245153319632,-0.703635388895536,-0.32026287539255427,0.4564798533677604,0.8399740537489044,-0.17633584306210576,1466
-0.266006922019817,0.26468747895296013,-0.30956995562913553,0.5266995298088144,-0.9544561918270993,-0.10004614250893559,0.10631464153545832,0.7673757904707723,-0.11930128886222288,1467
-0.25562830344968346,0.19671204493639605,-0.5732282940918703,0.46789841404104715,-1.022487005600253,0.05467405570232317,0.49862250694099075,0.5102936063238563,0.07447032894392754,1468
-0.26230996903247683,0.15084050638903246,-0.885144743506006,0.48982371201977176,-1.1832739050646408,0.0023277559266229354,0.3714360796217219,0.7396243810154057,0.3776942668222753,1469
-0.5201343119948684,-0.22597545177313957,-0.837694965878361,0.5177756763903267,-0.806503592037507,0.14245930538098903,0.40119973492712985,0.8365891311117339,0.17394731743152822,1470
0.5025160268086657,-0.036629164564931184,-0.3592697188603913,0.14433959543991276,-0.979908826660118,-0.2689432077802637,0.6282553898796747,0.37678824112169107,0.2390120429670037,1471
-0.2057388825510361,0.10948079735083059,-0.12769164275582306,0.3661538101317286,-0.9858040354670723,-0.09676594298939291,0.03856520034270446,0.9552562998929681,-0.4180227739420505,1472
0.2726932167130481,0.4468016814633411,-0.2573385286734918,0.08808610241674997,-1.2251865579568986,-0.29098780926099893,-0.05625920539050204,0.6604172773557845,-0.1510741164239082,1473
-0.05862335574520141,0.1833988741309571,0.12364254931779478,0.5377518784057936,-0.8749817018738721,-0.35509763496823277,0.28244731633874964,0.5405061376084864,-0.17029532605116687,1474
-0.0857288788453129,-0.31398675619309174,-0.1964568807118004,0.26128107691816693,-0.5490830685143641,-0.06490901791790556,0.22266173057297847,0.8320035107199721,-0.3152013745001974,1475
0.10966396066906142,-0.13108734115861712,-0.1497141023446265,0.6774198136844205,-1.1911922236054853,-0.4275696136624982,0.3320367406642135,1.0158904402491262,-0.08895046231726933,1476
0.248265377355958,0.33785230364357954,-0.3208526570961429,0.1508421018359596,-0.798430696503606,-0.11927024180292438,0.38819436950105535,0.13556991334881954,0.08655937751063895,1477
-0.48533135732139515,0.0753124963950926,-0.2160364575728611,0.6433834128183011,-0.9771338504656594,-0.014778609817910127,-0.032564264076091254,0.9402275989183485,-0.48557887362067625,1478
0.22843962742220972,0.5054748740741357,-0.07208053618354739,0.21978194859837272,-0.9147106092347875,-0.340379348512628,0.12001445109282596,0.3614433460507655,-0.02730586112333438,1479
-0.2834601058455369,0.12303920168150163,-0.46938800403514047,0.4972943373789404,-0.8911763738423263,0.03136059647010634,0.4562411583074786,0.5212293572612546,0.01245032422533163,1480
0.08636330079297772,-0.22355899480982797,-0.32913694648946007,0.25171741640039885,-0.8241199776945141,-0.10613156037735175,0.23258619597344612,0.7789513232339964,-0.10061420660390723,1481
-0.05601217129655735,0.3610852501117224,-0.5548114253147598,0.29348625391549665,-0.9427759499350145,0.04169851171993964,0.5980436386045264,0.09179138785747624,0.23181019205098877,1482
-0.27432635420944124,0.42673520507981827,-0.1094262521754276,0.6590939553716151,-0.849301755845178,-0.2701809386177795,0.23016150562831866,0.33919199616549073,-0.02284722193307741,1483
0.17514784261516742,0.31138162449174694,-0.3251675939201244,0.3316242829100857,-1.1894682030366448,-0.24596734380915217,0.2579955399247772,0.5659508072916765,-0.014195144359850203,1484
0.17042989463344835,-0.16928738218038059,-0.16861639074234017,0.23852182362478985,-0.7477526197080632,-0.2782548248162741,0.29553763577511577,0.830092546824027,-0.08837517838077784,1485
-0.6217659905812194,0.025290331237395026,-0.5562199657486672,0.5522824583758558,-1.056882881837609,0.13190015765791036,0.0546612143944249,1.1680709705973868,-0.12770285514852417,1486
0.018409673757947134,0.2938036440717385,0.04658909176398315,0.3195672183035304,-1.0187935825426577,-0.22357322132623791,-0.15412637475143193,0.7766468414587457,-0.46827709943810203,1487
0.12971189055127047,0.4862302061798417,-0.2909969910673896,0.3538329075460696,-1.2546001384411387,-0.31501182562868274,-0.16709987444056756,1.0574528459922081,-0.07510038257088787,1488
-0.17543370836350095,-0.271184086409367,-0.5900613789724781,0.33291344532323514,-0.8566760826604246,-0.07946827635430806,0.2838799661036412,0.9828780106571319,-0.03454076331917484,1489
-0.4963301396638479,0.46565810377470584,-0.11268861993218618,0.5477980486680701,-0.7526922199462217,0.08272167730920589,0.1917339732063435,0.29055614145038894,-0.3426249489733265,1490
-0.007944472078742503,-0.06404550910099878,-0.07138346934243216,0.3460840523279702,-0.6218206677968219,-0.20032929489311666,0.2498851272398389,0.5879041633802438,-0.10942436399563922,1491
-0.19888147236180118,-0.11931207728248473,-0.2934392267449751,0.33703356771221255,-0.576329229956872,-0.027160724338832088,0.05046646190492294,0.7088902155490703,-0.14770261448757696,1492
-0.2329479430203877,0.16551388883126159,-0.18031202883109984,0.47385391512477626,-0.8957768147738642,-0.1558271543376382,0.17323073340143602,0.8480668896936974,-0.37746764636416436,1493
-0.33375784048480167,-0.11713040363467252,-0.47814656338239625,0.5063657519310448,-1.0987269874809142,0.01924285387692489,0.6346060263119573,0.6981914112411227,-0.07697070110527882,1494
-0.22934557781693468,0.2294097168304952,-0.5048993917820171,0.5330646017212559,-1.13619481764167,-0.1777826023941545,0.17717296161125534,0.7623483316498059,0.04129328343975675,1495
0.000989051791501806,0.5460003174087517,-0.6738587630904542,0.2174099750296941,-0.7777474484217136,-0.05428303476140418,0.23222683338299765,0.1618812975075379,0.42107600311261006,1496
0.12702123792670936,-0.24797500312438625,-0.2158829957691808,0.4138561726943095,-1.095621176490627,-0.3623172554436646,0.47080307444960057,0.9709261752319304,-0.19785705396007525,1497
-0.07761937298485362,0.052241977286899555,-0.2090651467226585,0.453829784192653,-1.0147756877718863,-0.2036894834000867,0.24504782492514995,0.7563709888052059,-0.14957266194382543,1498
-0.38028426532122467,0.29599010273130394,0.12190000604484037,0.875765990912424,-1.0295776211972214,-0.4586614528364518,0.1768049793859963,0.7208585574288229,-0.22352890344298873,1499
-0.0766706093331741,-0.5207445932629102,-0.37374928302338656,0.5367651416034855,-1.0772679107098968,-0.18340598537901015,0.5992364886054257,1.0960753727395416,-0.17047533650180297,1500
-0.23675478418417564,0.47086123929046775,-0.6873830556715184,0.540799050204618,-1.1971314008790623,0.06800096745873448,0.6691510840173638,0.15537950871925293,0.3405004415094718,1501
-0.20721816845883237,-0.10573755235013294,0.02928046846399917,0.6878683346843674,-0.6760634647007985,-0.3455728489030742,0.3291161086863144,0.6289438226609873,-0.13946399667943885,1502
-0.518139489379137,-0.00981136987995843,-0.12126032545747531,0.7055781362806366,-1.1070002164143857,-0.07848983225915397,-0.031556688745180285,1.1398766794806512,-0.6123847474759738,1503
0.09899560459243006,0.5369771477105296,-0.1765145775985929,0.519329760315528,-1.4201368656676636,-0.34376935587962637,0.07125585051628802,0.737908121626409,-0.17293533689644,1504
-0.0001583976829645359,-0.3423355568422762,-0.1451695746998337,0.3957934359038346,-1.255610448657573,-0.24770236081129196,0.4015067263684849,1.1385102769117441,-0.3313926924994924,1505
-0.1332043905757339,0.2829768137759162,-0.14883285108806638,0.6188473508344369,-1.1848146686041952,-0.3871941633400799,-0.047365260660480274,1.1085342400739149,-0.2531718586623783,1506
-0.062451540183358904,-0.23103137252266592,-0.2604936619737295,0.404872025719328,-0.154412400675996,-0.19524937368923273,0.19870453525521342,0.2822452103934984,0.2651506176218727,1507
-0.09945146494640195,0.2358267427765001,-0.6091754878501696,0.2531901154043784,-0.7385170928427813,0.06386183686850105,0.4888510116853284,0.12335321864814158,0.30555182810737824,1508
0.25977773558311446,0.4917881197600004,-0.4764415292582554,0.36970622812866,-1.2116971483761818,-0.16910914776846767,0.5578501215361045,0.2400218894658404,0.2710528584147457,1509
0.3471997523872472,0.44131950346033705,-0.18814380475918965,0.2986126707580719,-1.4154585766997292,-0.41534151016994714,-0.0218643848389254,0.987090268667626,-0.07589643491443072,1510
0.11567741603370764,0.6572497618347314,-0.37708237344231493,0.5567037810022548,-1.3086175254013916,-0.3403283307178187,0.013867764477721553,0.5116368448720673,0.0913072397219116,1511
0.2073522582130278,0.05177163711922979,-0.09204800360344843,0.4600389107802721,-0.9594920078244975,-0.24445934858100196,0.6160795269104816,0.4759147007518437,0.024854898589093097,1512
0.25743311780021716,0.4591182230633553,0.12104718673365272,0.38023395706157653,-1.053558086818706,-0.4779107746476384,0.09145409827650053,0.5497995395288756,-0.087471947028474,1513
-0.18323607997382224,0.09049115444957954,-0.39950739602178664,0.3931870294024723,-0.842475853364936,-0.09690287216689167,0.105372303845543,0.6856213426322881,-0.034782143279062726,1514
-0.13853275250596064,0.38515133128912066,-0.4676152098001983,0.38226036119854095,-1.0338309441887985,-0.10760495872650194,0.1736178175493546,0.5807411676024353,0.07935299747767617,1515
0.04767922961300856,0.33292851806126206,-0.1459417739015422,0.38626819588649064,-1.133890478224559,-0.24480044211465654,0.14038022973199282,0.5768952910272441,-0.2649601543305054,1516
0.020192734750270315,0.1376423346554993,-0.2363563596544833,0.29644409773168195,-0.7951978385215306,-0.1730776835397658,0.20731086871986568,0.5758109911292035,-0.1056951350080762,1517
-0.17353081142516627,0.1937522991696078,-0.18181031186980678,0.405071237559,-0.6091596799527298,-0.12079349901304755,0.05193359100928675,0.5497442819255591,-0.04768623426539233,1518
0.3188156153876385,-0.44153792145662163,-0.3378814021207426,-0.08609533737011581,-0.047052699851688064,-0.15823414472114672,0.03805883723595538,0.4819712299674358,0.1515145901024069,1519
0.10757975822676102,-0.137310232518615,-0.528127663652816,0.2699658464059398,-0.9982486534099025,-0.08108406866290412,0.6957579708945437,0.4949026974326048,0.09431087396685339,1520
0.03970478147591634,0.5959981826425086,-0.26817956387820874,0.32442261896999464,-1.373958500650955,-0.2415669500345439,-0.10167513046048775,0.9779396378443901,-0.22878145260773483,1521
-0.12877858071707673,0.28597999095053994,-0.46732673441739997,0.308858830229479,-0.9556804270441127,-0.0796421301407578,0.15765543228211767,0.6038890575074993,0.07186090497260136,1522
-0.5863556339290774,-0.22048025261884072,-0.40218857762988386,0.756335343426914,-0.7112797236889155,-0.020347019965279267,0.22052824983392616,1.015812737051606,-0.04103313435204265,1523
-0.4969437508634199,-0.43645904580823347,-0.5561645037795857,0.7004260242617107,-0.677419609575977,-0.16381467375300027,0.3444006082718094,0.9354919419529846,0.11233397815067064,1524
0.031212674646123095,-0.3253244600756128,-0.3317610816037756,0.3316587169986634,-1.0880330918542729,-0.21008096953301525,0.37503403876751384,0.9935876888305325,-0.1889220115935604,1525
-0.10156399468216845,-0.28639380836656664,-0.056739418197285195,0.3838946872548845,-0.6819161662939102,-0.16171586261767995,0.3274463568057784,0.8527690485318149,-0.3878230621538808,1526
0.12174978255443562,-0.4596788583141548,-0.2560687711913138,0.1508591234050416,-0.3722716723508547,-0.19417025574490168,0.15249128921953023,0.7980675176359845,0.011961820632841503,1527
0.24223450553461653,0.4352715416400502,-0.26725378803552835,0.13298825470057826,-1.197496033932409,-0.29582906179775015,0.0665794062139486,0.7085049879896649,-0.10682219886940356,1528
0.22482212131199505,0.636645207950466,0.02331770107187618,0.48146360103821756,-1.3930276554522127,-0.549907839633843,0.029029633611990978,0.7450988285535945,-0.13116246653428074,1529
0.06323600120159158,0.006795651531742423,-0.08212472247765952,0.12317947551836544,-0.6372824747309671,-0.14829913733206745,0.10066028440588723,0.6105728244021403,-0.3780365963736477,1530
-0.10883281473888423,0.2243205320300222,-0.47876627111513886,0.4554464710447172,-1.1444089620473268,-0.14443430834901788,0.10189156824688503,0.8987132746077472,-0.008658819608654755,1531
-0.11651130964779088,0.6268479082841498,-0.09228504261153596,0.5871185097602448,-1.2956048664295967,-0.2785406953466786,-0.008691264020824593,0.7568631098026499,-0.24475484602797648,1532
-0.11093970353371313,-0.23016740569863012,-0.13534501289925663,0.33796416296019655,-0.6046472760945417,-0.16995602230704257,0.21661909969071447,0.7779721688553052,-0.18081618775929317,1533
-0.4879705750660311,-0.5624620079351446,-0.13114392154938645,0.5457097268094904,-0.5681772234797869,-0.046303139902411555,0.29389967766133845,1.0245237345700593,-0.5192511874719555,1534
-0.2392834613488201,-0.35202213842727453,0.20882831891165476,0.5591894489153088,-0.39767898825106474,-0.2230708655893511,0.39672716808356323,0.5441338067029394,-0.4004638433682762,1535
-0.2058430932509605,0.35385487997295484,0.024790937175443135,0.5750110524844351,-0.8418887588769342,-0.2915894627791747,0.16944884509245475,0.4397784053999177,-0.13398188839260805,1536
0.04681167866087005,-0.26128843811041286,-0.19363321950415693,0.33909119279073774,-0.26842634547825744,-0.20729576185623264,0.21236688191460937,0.39388096268739653,0.1267717248372063,1537
0.22534898966406514,0.3915848625220158,-0.49306238305787436,0.2769525621577533,-1.560607571978115,-0.3850220078283138,0.01307441238104129,0.8796275862342386,0.0188214925909428,1538
0.05230219563353302,0.20758540003111986,-0.037991866902634744,0.5184226021859875,-1.2763702842203697,-0.3161535621864716,-0.04726183616283566,0.8617217854010248,-0.3384368418925532,1539
-0.2880434494964607,0.09167011122125428,-0.4978414410723957,0.5326413125306145,-0.9953349478350203,-0.08253346143189663,0.12456929191695963,0.8998013203920852,-0.04978427960853835,1540
-0.0576837243449954,-0.26641048573035153,-0.5306593687683518,0.2799342925430775,-0.7139262616424135,-0.07376138884228069,0.23821825440302125,0.9131243806242411,0.07341936308070299,1541
-0.21889149940345762,-0.12195892731694233,-0.6175668670844549,0.5277267588538428,-1.1461575859137372,-0.1523181670569484,0.2563863718123768,1.1101064194170056,0.13784450072744525,1542
-0.048377648916986905,-0.0441087906482766,-0.4981342985968559,0.28704675147642306,-0.7776975209337332,-0.025346740661508476,0.21986084900004357,0.6430651364442481,0.043000575168381315,1543
0.053141302733043475,-0.06670360860371015,-0.1790765297471743,0.2648597020854768,-0.6865022319957604,-0.1706071606798551,0.14023969614563686,0.776158352368547,-0.17371537098108797,1544
0.14690614195286195,0.3300673518050744,-0.1977421211406237,0.3007604226372261,-0.9916379557885051,-0.2966823277266195,0.24030116346849242,0.3366675000901743,0.12249398386464697,1545
-0.11973337196402879,-0.22903499429357385,-0.2785291430826963,0.29724214259726645,-0.22174943469553374,-0.07194382868132382,0.1939936107560409,0.28310369095218385,0.0913577745257522,1546
0.15563832770838087,-0.0382792475721536,-0.06366631188097768,0.4155175891807856,-0.8816455271903919,-0.32053672693567176,0.052136831992584655,0.8973965654804815,-0.25396140534041584,1547
0.022264602201030433,0.4321554216937937,-0.23745326893068364,0.30520048282788453,-1.0516535231094506,-0.199303068339235,-0.023626143036637758,0.5848519542345099,-0.25514532031100945,1548
0.014291608087617506,-0.0562784912804535,-0.4164930620637389,0.2355298359288183,-0.7528832506483574,-0.1360736567965549,0.26670430347993224,0.6404823733302277,0.020515400482561338,1549
0.03186692565399476,0.4705016240440832,-0.4715558355075483,0.37200666027549617,-1.1185168481155354,-0.09971958325603549,0.2861674803606546,0.31769297474446906,0.10499770470804258,1550
-0.011338886556818485,0.39062178735003156,-0.5512411421295391,0.5310035149693999,-1.3427620867473742,-0.276473734730621,0.1424168700555679,0.8118009502594814,0.2017590157484559,1551
-3.83689500239721e-05,0.33843200193795464,-0.7957109334227656,0.1295922615978732,-0.8594799601345252,-0.024728336707789584,0.2833600419232192,0.28295049010737483,0.4318923458904901,1552
0.17541708693002708,0.5311212302337512,-0.2794076255254093,0.3604323864487462,-1.3550540429943656,-0.21745654815988572,0.23535570657151691,0.5439709324103197,-0.0036255229842789474,1553
-0.25463096116974543,0.19872217393759445,-0.23368870624754337,0.5744848785233869,-0.8722356900219874,-0.1627196142889502,0.37171344245334986,0.4808823768033034,0.018284652664442777,1554
0.20798753320361094,0.4952336779208543,-0.09961953534743924,0.3507265066536262,-1.2697783374331326,-0.30042225563857194,0.12224051829446504,0.6727735825612079,-0.10967667620417496,1555
-0.43741810124738606,-0.23641898833208697,-0.12136849089972666,0.7014100361080247,-0.4896271597224817,-0.18513707170369048,0.5394559179759963,0.48672572544748155,-0.15261533636248417,1556
0.30213506254672384,-0.088468576471902,-0.20030375134293665,0.13000532777047005,-0.8478010468919739,-0.27934954155050223,0.23326070070058616,0.7127312672165177,-0.004212719685367626,1557
0.02380014261135384,-0.01060255819706016,-0.5117055497868607,0.3865627861295109,-1.0061757063973373,-0.1313349336241723,0.363104037637056,0.7091879408538198,0.06797984213423731,1558
0.1545455339866228,-0.36281516697175104,-0.36505127277986027,0.1335709540819177,-0.566965759438861,-0.1812466082376519,-0.032411327297657576,0.910408445978495,-0.003046931111868961,1559
0.09993357122837808,0.038741624541181276,-0.5461077862205225,0.08677545602872837,-0.5694558169332898,-0.054320838181537476,0.2762249167857453,0.36184109245299284,0.2737537953776296,1560
0.27346947083237905,0.6509209729091723,-0.3208975532068741,0.32244482407486613,-1.1483514700666015,-0.26650865708998356,0.4565380172317953,0.19903899532625247,0.2969032533564058,1561
-0.0960093478723543,0.35996228717571543,-0.5399873418605522,0.312602066022311,-0.9273218529669608,-0.0010816689537660607,0.36154773657240896,0.25092586690105234,0.15696242048372208,1562
0.129656661577137,0.41527391284193477,-0.44600698240261494,0.3972995112709481,-1.2366139072622278,-0.24784282727218984,0.13574493076032274,0.5022563210575562,0.034590133469451875,1563
0.004593603111073123,0.3059520468025679,-0.14430442130232413,0.31087661068356753,-1.015401649047203,-0.3253897923722969,0.3295175479647584,0.41336473323332457,0.037681099223297515,1564
0.031797439717292535,-0.23800820081316176,-0.03119611413556283,0.23270602363059614,-0.5117136700524311,-0.08706052083931515,0.17866921212127646,0.6393140983815091,-0.3285520814483038,1565
-0.06794469520978735,0.3357293338496372,-0.6518469087151973,0.5187794940377033,-1.216803139540642,-0.20938158385904618,0.1305504022416386,0.8417216950577372,0.24500764229817543,1566
-0.2519078165546936,-0.15369434308164587,-0.41140657842370665,0.609383480824804,-1.217539336463208,-0.2272615242359325,0.1933114410231136,1.317872569380392,-0.0603798647581552,1567
-0.0067302349011248595,0.4493655013219327,-0.25520524235515374,0.28803540691315116,-1.4345546631588808,-0.25117239285290077,-0.026961743146662366,1.0304573365042884,-0.2521564822370699,1568
-0.03929505278969796,-0.016712218401916498,-0.09761192961918358,0.5880957397034776,-1.0783718312237278,-0.28476579957203774,0.24227280358006795,0.8624783682274816,-0.32094330012851613,1569
0.2053996064053168,0.17325396117459044,-0.5619247532521439,0.12477180734975056,-1.0560670597828528,-0.27482540533637806,-0.014551993951389192,0.8509692783122602,0.06310871517685644,1570
-0.29765455670735436,0.170074231288871,-0.6503753889918648,0.36071832941393933,-0.8692644161308558,0.017957958701898254,0.056320615326733936,0.6036958768414389,0.07929518756904022,1571
0.34937561947441625,0.49040602726525495,-0.4123819172077483,0.03412009451689261,-0.8848684690458362,-0.1915988465894652,0.21624598278605653,0.11694425473946209,0.30026813718559625,1572
-0.17488487348865375,0.10630673769305303,0.01568705948908697,0.5206968819549413,-0.8285911388314522,-0.1621165588418016,0.24632645822811056,0.5443699392438335,-0.3576320255154782,1573
0.4907594716132289,-0.12905777291980916,-0.2826516225900614,0.126784418074947,-1.029143122805586,-0.42923996738315234,0.15961287163497112,0.7729472943984892,0.022672173572398212,1574
-0.15345144228030613,0.7456129485610058,-0.0327487009976515,0.6962392552125364,-1.1703298780766314,-0.2624484281042016,0.03968075027069201,0.40914488471457555,-0.13531996549716865,1575
-0.1517384775968935,0.06087540056773214,-0.28880735980153754,0.43446950319162736,-1.0280378038504818,0.015689697647095505,0.5914177223559922,0.4477561509215724,-0.22757630030783274,1576
-0.6421686868754147,0.1069220900673023,-0.9046324487521828,0.549744340897505,-0.8882547914684562,0.16342739812813864,0.04554257404342506,0.9398038696182425,0.15985126139325292,1577
0.34318026130410195,0.17178611551727735,-0.12328428985542464,0.2437154833283389,-0.8544735698462336,-0.4243711995236114,0.06016710243769317,0.6044295142595265,0.08097005027793618,1578
0.22515848955618484,0.5063744751795451,-0.2223885208855081,0.32229213599096,-1.3824722569754262,-0.3599924400177555,0.02569936084499371,0.7249735213760795,-0.22037679711101738,1579
-0.1374219934378746,0.10397802010719485,-0.701993760081196,0.3828412044274405,-0.8931840713217077,0.007877283686282458,0.4715821230702576,0.4159304099766438,0.29903543181677156,1580
0.18207971424891536,0.342670341186572,-0.32627527367261605,0.4064985904412226,-1.3706927555236321,-0.36241904710259226,0.07746416134102455,0.8819232009722573,-0.10803151728084406,1581
-0.10754527120101376,0.009950241224361141,-0.04486797209708204,0.33270298995035835,-0.8022433468697042,-0.1498880799739795,0.24519101401167653,0.759326800262145,-0.3815033314377321,1582
-0.4200043551043126,0.1582010919847971,-0.1888045226928874,0.6913498926474329,-0.7856714612935598,-0.1179045635688713,0.2234050456423557,0.6284283815496887,-0.1466478227854885,1583
0.20887388870886578,0.22947103218626938,-0.38687971220495,0.3896783452049554,-1.3934434644835882,-0.29880100400151133,0.19167887841138406,0.8955548074408355,-0.00018675657304325607,1584
-0.24140993563295116,0.07317515864955512,-0.3273785855165287,0.5354413652976295,-1.0494630501999664,-0.13110282291578348,0.13744869977986726,0.9069298331341562,-0.20268804956621317,1585
0.10493939477775438,0.4324069713484161,0.1934874312268768,0.4262237800689381,-1.2054076630847486,-0.3400596011583531,0.08835077726107533,0.9031359259687483,-0.3644168690241518,1586
0.22831127322090683,0.5701911145112071,-0.22615862604575207,0.2838140819335613,-1.3693215712237745,-0.3942175760250868,0.12199092667938022,0.6275691352646051,0.019056376528791052,1587
0.09214286741137447,0.5253152073020346,-0.37979563445113845,0.3836166524693322,-1.230732458681412,-0.26434872376884044,0.032978047928098095,0.4923491130130628,-0.03818990266741192,1588
0.002505782339858593,0.27141552788728124,-0.2808460516618145,0.5853709542376184,-1.2398992682652545,-0.28226241057631557,0.22655406356512464,0.7070602008153145,-0.06683601658972033,1589
0.03535023801098394,-0.7284237749252542,-0.15111116059630847,0.3133642235352316,-0.4000169175039889,-0.3659866157781405,0.27893066444009024,0.9383120913169875,-0.17216795348831893,1590
0.1416105339093735,0.46708180512834835,-0.32941168412706007,0.14171127794637994,-1.3817646238338808,-0.17186988915261894,0.1329072911061155,0.7088009385701145,-0.12120325326378985,1591
0.25242173301657306,0.5048336154650052,-0.4262264496721726,0.37897180085269455,-1.0754938813447004,-0.23488551190850154,0.42820118840061505,0.2455140905451409,0.3021673033764007,1592
0.151822392808363,-0.03352169977981536,-0.25356596965506545,0.05484778549258397,-0.7130251018389918,-0.15899347144879836,0.41596541370484363,0.4828156680361859,-0.07408275002595449,1593
-0.020909690905474804,-0.17344150130176236,-0.692053751562705,0.4787849665308982,-0.9595404241274675,-0.267668284522235,0.5467632502676123,0.7001267289094932,0.41475079840445644,1594
-0.18430209570976516,0.26856743895900365,-0.22108676044189982,0.3555158622828681,-0.8323634024746216,-0.10534870737002382,0.15966765822376092,0.6070210970894547,-0.1358043410636769,1595
-0.05311955436655581,0.11631111153877831,-0.2492704383385952,0.3979075609539427,-0.920395788004132,-0.2150174177566221,0.2690136502998513,0.7320345313773506,-0.09481132253077039,1596
-0.33632636304478597,0.0578667929394694,-0.5780013971273393,0.6139975737370025,-0.9598026823139285,0.030654476124776085,0.5606633785622465,0.6471511634668374,0.04747464318600017,1597
-0.45408808201526846,-0.11552676886796016,-0.6174109641329157,0.6292698453951316,-1.0398257794464127,-0.01985374291075335,0.18688550726936135,1.0337890066334403,0.04813383432547591,1598
0.11429887509231242,0.6572420032119088,-0.28105850708286084,0.49304296246005813,-1.4629109167468044,-0.20212478963731803,0.19573592268951917,0.6091691233362728,-0.02766966141948329,1599
0.3163129628999598,0.5884344188472538,-0.2284979401438046,0.08682449817899326,-1.0116663046632715,-0.32961120488472456,0.15420252719760622,0.3487981258533673,0.10399053841901246,1600
-0.1865432336877161,-0.04836649198570789,-0.2510268402645049,0.44729976119606357,-0.9098316912783184,-0.1536609736986422,0.16441474771343642,0.9716383590350326,-0.37454969250812425,1601
-0.5863315968510308,0.20967934047559758,0.1767695433156756,0.6430355494210163,-1.0254501904825615,0.027131856812108106,-0.035003499286316644,0.9414408636386877,-0.8986290983055149,1602
0.13676506172210756,0.14530587177145599,-0.26652619350910556,0.25253541962359005,-0.9294382865754812,-0.3204154663832077,0.056624191396688936,0.6683161050027513,-0.10417290228569179,1603
-0.06352989969384672,0.020853292850758147,-0.40080369706126007,0.3770998078203053,-0.8744078843921234,-0.16063121444271952,0.24519906777699285,0.6593482957874163,0.05556846630907523,1604
0.2614396573913864,-0.12767713206129988,-0.4561594716861463,0.19997813145857676,-0.7752643775160049,-0.0841774720712723,0.6026258642028665,0.2632166807203457,0.23322261689420187,1605
-0.010045155332547498,-0.522388935264111,-0.3757167903539397,0.4271817473369619,-0.9987222563656662,-0.24883251732295916,0.5078183698914502,1.1175533331823546,-0.26807361724223916,1606
0.2061908967775429,-0.4664264911411989,-0.34439173037844406,0.11674950964398098,-0.5720505086625831,-0.2512259823680524,0.22254308615229484,0.85973716802801,0.024765367754406614,1607
0.07507797115262173,0.16815447146332677,-0.16045791333002854,0.38803556388278515,-1.2440228741986106,-0.35487140575039533,0.06106917285822033,1.066290670314399,-0.2632588559986573,1608
-0.4156927187342083,0.06152614658697986,-1.016382451158946,0.486547367220386,-1.0152821904712714,0.1919598812538032,0.7236727390534075,0.46587770488148433,0.43040894279043856,1609
0.2800003514955992,0.737389562194827,-0.5259981171696948,0.24649520081405582,-1.3045689085090013,-0.29021851059077475,0.14107869099509054,0.4482300167969927,0.29519679069001076,1610
-0.03998260207229017,0.7008969588071189,-0.21684273934368195,0.45213698667844743,-1.3927793300486662,-0.30937915738685545,-0.09849672794184092,0.6521174964498982,-0.18392686373165718,1611
0.24081439559235876,-0.47148855090140035,-0.0332798917749466,0.22943531996567385,-0.7903737785034637,-0.34629897290998823,0.36843490708150134,0.9059367413377793,-0.33986169769207936,1612
0.0410126794300631,-0.17832268939948712,-0.3255588925395869,0.3347265014181596,-0.7742717589759105,-0.1512480971769839,0.24956567818949754,0.7033334136651156,-0.007659232303656881,1613
0.26493492356077936,0.08613935522373085,-0.17552007155432378,0.29803256684640217,-1.2277157658097022,-0.4506961212886705,0.1572327722556767,0.9961327028926341,-0.24221807848438145,1614
-0.0833093011119169,0.8069686868180119,0.020223995561537828,0.5264104558378744,-1.1964375696148024,-0.2935248817804728,-0.047337959722079284,0.5733875951213315,-0.2613239371312747,1615
-0.2660120704854872,0.052754967174330154,-0.8067085247836978,0.6627306190668689,-1.3468523623786424,-0.060561666898239185,0.4755263798978087,0.9232574722596374,0.3117136543977681,1616
-0.35044787079362427,0.040709395916944016,-0.6877452332802717,0.6055923556184635,-1.0793116572113017,-0.032328760160363304,0.16793521592472263,1.0831957520284778,0.14311604577974635,1617
0.28698880353100764,-0.011348305771892227,-0.9967133976815267,0.002206982006212064,-1.0248435971799532,-0.19603562787136913,0.23914358209719716,0.7665814360472252,0.5746590129529929,1618
-0.3638947036614427,-0.20286855668376333,-0.771498625430258,0.499853078055288,-0.9897188825471348,0.05346800593093811,0.3299885375505773,1.0170819217310434,0.07029957981963453,1619
0.10587886226106945,-0.5707255114374106,-0.0840482569290472,0.27930932821489113,-0.6108084489422898,-0.2683661574983184,0.1669172944107744,0.974074427898155,-0.40503973173803054,1620
-0.13428181784617169,0.18392323627687748,-0.6792296717816889,0.1930406717552573,-0.6290162662148473,0.030106269761511668,0.28123792928813096,0.36047532688286515,0.254936619095754,1621
0.12088792874634263,0.12320442398803391,-0.521774954506497,0.05718417449321479,-0.8072905886252312,-0.07886982534946353,0.3108784130276448,0.4517373851278073,0.1655368799748259,1622
-0.4066046215922723,0.2919584916481265,-0.5880059782100091,0.6249918909779245,-1.3328699595330455,-0.09602134388911387,0.10237042428455331,1.0800458052457482,-0.0014898386315132539,1623
-0.3083271071045443,-0.049020447377133285,-0.380365553871864,0.5547760065978579,-1.2433360139002827,-0.14038087458453624,0.07066709893588391,1.19577519952006,-0.19138898145940297,1624
0.028101014398287934,0.1675859696293536,-0.06891007502114611,0.4813203443060876,-0.9533661608398106,-0.33055575952826033,0.2804479606084783,0.5335834583962781,-0.06828722543925159,1625
-0.3383139589060405,0.10660318803880925,-0.7703973553107122,0.6736794251789083,-1.3056171210603853,-0.165577034387473,0.11537570236449342,1.1480427134655495,0.22349874635298989,1626
-0.11774108132271133,-0.27294825889969115,-0.34168645129108666,0.5201905958751396,-0.8204266614424005,-0.15946936749339138,0.4002638341558483,0.6893092436301647,-0.10872400020387071,1627
-0.10064706751812645,0.18479061521695214,-0.06965183802986506,0.5311775043604147,-1.0047518132147883,-0.351953078601132,0.09857031638371991,0.7818821215681668,-0.3248064279209316,1628
-0.033214333348279834,0.1892869815182434,-0.10639501091367747,0.575048269716175,-1.0986379612390513,-0.4837497838356091,0.11182603067393633,0.889163844176912,-0.11000860244933929,1629
-0.0869675277685598,-0.2134358794491305,-0.46822549071497654,0.3100174269013804,-0.8134026331042915,-0.16330089590117577,0.21474468180710812,0.9760863217362945,0.0025200639589934184,1630
0.2899366572799963,0.5673119016764205,-0.31664317650888696,0.40606084865762465,-1.2064205893478506,-0.3803740044525346,-0.053477979539025576,0.7663522067516434,-0.08560807749588178,1631
0.264614031339905,-0.42781509285097546,-0.2538380057962931,0.1363988450763279,-0.8046240379388194,-0.2849217130292655,0.24270861260587245,0.9758968325900105,-0.1393999613398095,1632
-0.19258518306280917,0.4722292738736665,-0.5095837085619425,0.5487500867531299,-1.0714217727415187,-0.15317030814335741,0.35324579928137906,0.43578027649865686,0.2360615173846235,1633
0.3064046108236377,-0.3254194749009785,-0.5282696096545826,0.014579875747130376,-0.6616405716244695,-0.14453024133444478,0.452800483716065,0.5833630204054007,0.20940277916392766,1634
0.025421438302182055,-0.53907907953033,-0.4463415926671296,-0.05925935522009711,0.17013443420000915,0.027156320742904538,-0.007915179625113488,0.5201370402467538,0.16419303560796694,1635
-0.11760885718486387,0.27681039346370434,-0.5185045713899019,0.3869444438254566,-1.0415253114671776,-0.11903437460972362,0.15235975110397326,0.7595865227076718,0.06504906736118973,1636
-0.4508557662728437,-0.4536311176599962,-0.33959433107115694,0.7194556311525118,-0.823827250791602,-0.21064329764830642,0.5455864983512954,0.8910567435886496,-0.03891513578015629,1637
-0.028612273269642684,0.17845004711267914,0.09384750384953346,0.5051139498357503,-1.0151241251307592,-0.2748748748380957,-0.08336407171323128,0.8285328716062047,-0.5268222242009073,1638
-0.027611197853105333,-0.10503571188607265,-0.43152062132924085,0.21325708555485232,-0.5880481041116505,-0.1648536019887046,0.19275750364881775,0.6582228612013006,0.16247023211153105,1639
0.04834361975189008,0.1160654859651057,-0.19801014771969508,0.3030386508969933,-1.1249740131211836,-0.24584375125729618,-0.01842214566668759,0.8336621258931046,-0.3199796570442844,1640
0.07309626842693895,-0.2717407599966538,-0.34065226917264535,0.19985146351886182,-0.7810958797233952,-0.21303633343060527,0.06956750715790098,0.9569899235511032,-0.061604989204267525,1641
0.20560288003146918,-0.4242079816636751,-0.39210049792796353,0.1662363989525502,-0.774868148348366,-0.24756411644112408,0.2834518180057927,0.9539928727634017,0.05123168228060104,1642
-0.15185262681736422,0.08927147625283421,-0.5490442081678515,0.19426821241728617,-1.0460996902612603,-0.037145674384751144,0.11886643753954745,0.8767189761964684,-0.032984265713510486,1643
0.15295125462393766,0.19802280796992908,-0.29048842210988296,0.2890329837685118,-0.9662811676998262,-0.12488230996633623,0.6095854924049986,0.2203018775221167,0.11383249637160037,1644
0.07753611565252842,-0.20060692692780208,-0.21389528275817102,0.3082199805286685,-0.782695270514147,-0.26463297815259235,0.11117537987317236,0.801444911077808,-0.1705403873392768,1645
-0.2114612762776212,0.1380528282078906,-0.4461160969909887,0.5441477041238824,-1.2022339695796036,0.02361217275463793,0.5456886973998293,0.47864237928323916,-0.016439487295357852,1646
-0.13023193562409308,-0.18328516862332636,-0.5485535554420802,0.2810371222904067,-0.5791729229386294,-0.018694491869698817,0.2878832172176282,0.569933721492931,0.1526559141357799,1647
0.22881939604816398,0.493468085712819,-0.3538943003083816,0.20597910096983607,-1.2344150916151861,-0.25880067681809077,0.1551295404351223,0.5735978436465293,0.0014104291990239867,1648
0.2072609543963335,-0.04692403380792943,-0.2356858858994953,0.19774537267345166,-0.5863598845564666,-0.08449441392013972,0.7156579601855552,-0.01929772676313654,0.24284306931176414,1649
-0.33615816467422627,0.31400048626052346,-0.6046292438709495,0.32513543503203024,-0.9449680545677819,0.057194945164084264,0.06660703053509279,0.5841613177067537,0.08834998734605488,1650
-0.2299573267320647,-0.01689470308876926,-0.356638175634989,0.5221136330261693,-1.244932257649583,-0.0580873522440776,0.5293172380937965,0.7703963849628298,-0.1592481538693668,1651
0.09121729727255223,0.2114930209511319,-0.3041705222039351,0.3426535663014327,-0.723559676783864,-0.2866922200936276,0.34019198423747,0.3034433062933359,0.2642052668190543,1652
-0.1943630322393655,0.43628822701004005,-0.057744690862962536,0.6366769688648558,-1.049721489780634,-0.029196598016548187,0.8561843696853335,-0.07845341980113146,0.015695769307516635,1653
0.34772886049074825,0.045197549943171766,-0.23173020342453549,0.3059482643584634,-1.0008787193953699,-0.44034013916999676,-0.0015720470362327011,0.8307151949656765,-0.009378228760223274,1654
0.21869814298124848,0.3212330659676319,-0.19107566899171505,0.3634756053970072,-1.0488206388706676,-0.35704324598909787,0.09300720527444546,0.5195858459116627,0.02096713400324273,1655
0.1138625361897193,0.16381602614554022,-0.5996500175055612,0.08770205868564429,-0.925321614602395,-0.12250762094700585,0.2570377593175048,0.6270170973395655,0.14685255427994312,1656
0.0728360842210541,0.6370032127808589,-0.5519134941036605,0.30475496708423866,-1.1960103347250783,-0.19694162128568032,0.1377582865296645,0.46427046981715236,0.21116278321298476,1657
-0.12660324728868494,0.34354767230609773,-0.31631228516368765,0.46856713661884397,-0.8216725893981494,-0.14246167394492934,0.2441927397393826,0.31167890959719374,0.10434661814908243,1658
-0.1370357379088071,0.3059432954855199,-0.8510670650923544,0.41550704892735446,-1.1006202604350654,-0.11122756412059806,0.1851601680786554,0.7290220834963463,0.40726165512429074,1659
0.04882227862854156,-0.016158369166907896,-0.1239781718750191,0.4328899524783254,-0.8467615791448694,-0.32449396862324376,0.19021001253752992,0.672012810389033,-0.06844149377740887,1660
0.22694224957585965,-0.27024236793463846,-0.3496171820664043,0.2322136761038924,-0.7897767393932765,-0.1845474346267666,0.5476345824921932,0.6318625449538303,0.04925584435320373,1661
0.5462657682947468,0.3056973670621425,-0.2353737002443658,0.11056894514565221,-1.1507672683411267,-0.3988675003603903,0.024504244916853317,0.6873664146440567,-0.001396762090392162,1662
0.08032832207218726,0.5895273991380785,-0.3037389442362923,0.1689243855033915,-1.0133432647705223,-0.1893284811195132,0.05127253736498047,0.41847322336648174,-0.0239393456641015,1663
-0.23141892100134537,-0.34168385357909586,-0.5326562784267231,0.35735387582924255,-0.8965504262532705,-0.13876804801581114,0.20574421973650145,1.2533659283538823,-0.23821331728582426,1664
0.16475226812854024,0.3125363698350209,-0.31693437369149924,0.5132327946618391,-1.4001697291659008,-0.32183448787273594,0.3557251702994828,0.8135114406003443,-0.03681845326048032,1665
-0.1390674640725011,-0.5374820539264605,-0.33978922248593524,0.32607734905553554,-0.6801348509328287,-0.1370067435839119,0.322433121319359,1.085824382377383,-0.1707918283846577,1666
-0.13361476549944973,0.42309140066716794,-0.18319502635044033,0.5444653862859781,-1.1344638910381029,-0.24911769871797296,-0.05933084456211389,0.8818944981466161,-0.3617873606250097,1667
-0.12708105125386865,0.0519670239646344,-0.3268277070387732,0.3971933129654457,-0.8146186796204311,0.010686932412444913,0.6922639544981889,0.20777386082364452,0.005424425152338403,1668
0.19478577292784283,0.6271439383377075,-0.3188426228193695,0.2643085289960082,-1.1474237302731032,-0.2550472186902933,0.06919672292885021,0.3945063299775008,0.07245589851218937,1669
0.15776909820240612,0.09003390110272579,-0.5666318803964498,0.14485014270393035,-0.9355837754772238,-0.14941358390184675,0.3964464448157539,0.4923942737512578,0.2187633466402955,1670
-0.3706683197175316,0.17685478450627606,-0.4499043229185386,0.50858502225465,-1.0194020551934733,0.0340893040975474,0.24138627781571106,0.7229751513180425,-0.07174534492917319,1671
-0.04282945056082449,0.36191876238365317,-0.789610273410724,-0.07133213151556034,-0.6352235546853089,0.15940008149151566,0.4434732524256363,-0.001216184546190482,0.4134457244654924,1672
0.019035436196328304,0.18590154574453635,-0.6049034208716438,0.4086697556784096,-1.0227656291882339,-0.24903567023890055,0.349644443786481,0.590245127691627,0.37797986913038684,1673
0.09520968850974823,-0.144951100828314,-0.23985386561615926,0.2854755884114552,-1.0012644855738764,-0.16125696590857658,0.6005443842191529,0.6311384426212036,-0.12091854097808662,1674
0.04259058581867477,0.44466481622665005,-0.23966055898542876,0.49089198855445004,-1.1819244708237555,-0.35038084654266577,0.037943390114457284,0.9114006518571361,-0.18024435660612864,1675
-0.4189769122682204,0.18726408407681783,-0.3942937524818509,0.6590977598021067,-1.3484282954214586,-0.08834813162564914,0.2007914856277115,0.9946950618938245,-0.1848946630939664,1676
0.0966595870554867,-0.28718445183852875,-0.039873340435109685,0.2303159119832288,-0.7052109368456926,-0.2262127017039186,0.27889967621012024,0.7312773921198582,-0.2256303581095778,1677
-0.51697054390552,0.022129461211101865,-0.8447375808940623,0.44216106624339474,-0.8482572438914757,0.16236647971794188,0.4228141165965232,0.6682941992660633,0.22486897298920458,1678
0.11375833066766955,0.23620848799446195,-0.3410135135494476,0.32156773097120017,-0.8628657434379821,-0.09032634295862933,0.37989799014340486,0.35840549422876206,0.13756923209876737,1679
0.34229261383199083,0.6072849663747563,-0.4856349778332825,0.36043317409367154,-1.6120011003649817,-0.46589667516351857,-0.09082713615603814,0.9046894931626052,-0.0010345311807015694,1680
0.13679756311037372,0.5378530498678696,-0.30337536218349664,0.3094467263414134,-1.2537502373104477,-0.201510241668265,0.22774683653734226,0.5401993347043178,-0.08395562497416942,1681
-0.07993172825544007,0.27220313725963957,-0.1138859544582175,0.4827881394511983,-0.973312410361586,-0.2894849263489382,0.16031519196815294,0.5548474583391034,-0.08591382310815096,1682
0.17222841071530362,-0.079619121788918,-0.1989730162500259,0.13894564981500207,-0.24437847874398338,-0.22968671054431075,0.24290357710103316,0.1620859069944792,0.21374605920892112,1683
0.18106273054177177,0.19850955618068397,-0.4093873147888756,0.30709337305244916,-1.2212517072884028,-0.22498867668846229,0.2857512981327527,0.5086249532642344,0.06707654910009896,1684
-0.26572683308321654,0.32865797315496365,-0.6934336850030024,0.266130300789283,-0.7204272239086696,0.05556511684055802,0.004018033302093612,0.546840191876702,0.2398547114746066,1685
0.09098078729593763,0.0791251632773196,-0.0865201354744923,0.21571718795011952,-0.555420121149789,-0.2401773358777404,0.17987111171033315,0.26377036699725637,0.03470762423237597,1686
0.13903454443384067,-0.2742637172319482,-0.057816255528340584,0.30376429516712783,-0.5954523161357201,-0.23272301614576793,0.22134943495794582,0.7154148106794949,-0.1318590230566001,1687
-0.036900146386450276,0.3170603115652809,-0.6551832456566656,0.2691811122132906,-1.1220754888081705,-0.1380552378077831,0.0894286955470121,0.8033899460924053,0.22925391317666702,1688
-0.17989576242560879,-0.08744881989919559,-0.16510159421307205,0.5401278731674082,-0.9166806010718451,-0.23676274333324512,0.3170788768737451,0.8148513645090419,-0.10513202396635678,1689
-0.3226795780359058,-0.0834144543995779,-0.6716417306537106,0.38708372299783744,-0.7060637833046343,0.020613692496317098,0.17464066288897842,0.7822946426288808,0.10633666294484619,1690
-0.33125312779699684,0.05846286367654875,-0.5166864401533556,0.29268643971003433,-0.545050839094357,0.10454619121369532,0.0488559946227643,0.5918348221601635,-0.03474692587024444,1691
-0.2709378564717968,0.24931865529164762,-0.5014497692220393,0.31373184791596503,-0.7253128288882714,0.0886117747140541,0.45633119106523096,0.19852858953241495,0.10307269707812736,1692
-0.1808211601355876,0.6897025305456098,0.04619440270863283,0.49917992946915934,-1.1723031267657815,-0.17271089679370577,-0.20301071653118102,0.748751358218745,-0.5216057272094662,1693
-0.06078011339410576,-0.05594832772173566,0.21383634756621436,0.5939421272463733,-0.984290541829297,-0.399435404662991,0.010681338333638971,1.0107984551926532,-0.4563691397003869,1694
-0.28271233948721497,-0.5777533653187409,-0.3951624350197863,0.3864312462354443,-0.7283932264017408,0.044180994285701304,0.607982462654852,0.8716722297070102,-0.3368441995224741,1695
0.014869139461119315,-0.3708861535970866,-0.27845759146611043,0.22056449071416756,-0.4837130621597658,-0.18238149033060394,0.10755070353295285,0.8261672076807641,0.015034153136211297,1696
-0.4843732498113067,0.0695195758477548,-0.08429350571087646,0.5812165981683407,-0.934118258879318,-0.01601924629171476,0.09710189856930744,0.9194541303943077,-0.49992005404772044,1697
-0.12432055593514695,-0.02782713454132964,-0.27363098460445784,0.5070465311411793,-0.9373499304758098,-0.04671005307548465,0.4432024792908543,0.6066184089202197,-0.15053844590184157,1698
-0.5024738957941937,-0.459568018408176,-0.1922974904691217,0.6693153120723083,-0.7689270995492974,-0.12110390171205686,0.3094186828690738,1.0809124414838533,-0.47718737038092224,1699
0.239838508458805,0.13131578241843148,-0.008370867882708811,0.311281176756522,-1.0044700951360699,-0.3758748633433579,0.041273057275971,0.7465962336055357,-0.3217440529996377,1700
-0.10209023853556218,-0.22824128695727283,-0.20082911578917198,0.33214908756115724,-0.9028130258821984,-0.16327962130611934,0.09868679419151806,1.033047687288357,-0.3121383822829453,1701
0.10643798385574037,-0.0023950622872054403,-0.3738605201064641,0.4036603798022443,-0.9250026814183845,-0.2642620708760877,0.20958340207548537,0.7419307380447575,-0.05609196727284695,1702
-0.6916035998216457,-0.13479262780283208,-0.5349353214993496,0.8692128718619204,-1.0264866239321615,0.02074844605044492,0.29467686930228454,1.176605305134896,-0.1731615134523352,1703
0.5128496196043868,0.14780850980801785,0.004855679265934255,0.3635382635249313,-1.1719124165526391,-0.5614399534495765,0.0792144765113345,0.7529852270863936,-0.0016129004661025266,1704
-0.4253167378300762,0.16048765131172935,-0.5743905284014056,0.6064542050718036,-1.0355695704914447,-0.03415254065346915,0.28975159722972643,0.8174313348259443,0.05017953503641533,1705
0.17607085729615055,0.23932955927098457,-0.14999698437983,0.1891798507397009,-1.011305358135949,-0.22973562656472515,-0.05429915562140283,0.7156413182555978,-0.2509818213410736,1706
-0.219690239390097,0.21144784855163132,-0.8407663282285551,0.44057472776662093,-0.9959862316761995,-0.04011811143517833,0.22199558384706544,0.6647304068443215,0.33417146230630534,1707
0.25523228326022707,-0.5292283377129023,-0.2523116384311421,0.18281149913406916,-0.3324353566814378,-0.2744530437988724,0.060235175196743714,0.8977878264612238,0.047036514352930235,1708
0.19105365121098272,0.32216803307166225,-0.08591336243693391,0.35781887030646087,-1.3075465593698057,-0.38562156137093795,-0.008278323657151806,0.9322817903859193,-0.3996399491681879,1709
-0.029871262465483602,-0.09458798816690682,0.137440663339324,0.4359028962240602,-0.6407828628806949,-0.44638746097606496,0.179521808630604,0.7211407593210037,-0.25102154335006993,1710
0.22437880857010228,0.5376956154514184,-0.18841550577656552,0.2705731980423915,-1.2542313133606637,-0.2758612335984131,0.18879262846022077,0.5072146629929458,-0.0022664715542338562,1711
-0.10702709456296089,0.2972432596557605,-0.6388045546019018,0.4182280818302313,-1.0572596449331173,-0.06464576210973956,0.31692154984087095,0.48655276156900756,0.22175357881810842,1712
0.33096412752626103,0.11993431009784303,-0.8764216152814749,0.18589254221041274,-0.9979312455580124,-0.09224971216170406,0.7515508017798236,0.09930303688802185,0.7020604403747068,1713
0.061412409442782985,-0.32944377888811344,-0.11593803917719607,0.31005473018592183,-0.6959365188137827,-0.257200923120028,0.2540729732265325,0.8615657000158663,-0.12985807354800377,1714
-0.4071965729748309,-0.17841719251860713,-0.504073415231762,0.4797546792831705,-0.7275803922173346,0.04948750870141267,0.2635606488549383,0.8843973502486729,-0.10486149086604557,1715
-0.25264719418735015,-0.14018685812322298,-0.5948794599914752,0.5076231717985472,-0.9962512724195104,-0.13512931158283856,0.08601501261748602,1.093976402374822,-0.13792821935335953,1716
0.5351865345996253,-0.15890773650109852,-0.6724676817933667,0.07233017132019368,-0.7209601283309098,-0.23236646909709058,0.7385535253776685,0.15610267002652245,0.7095084674893447,1717
-0.28875193967755297,0.30045400778701686,0.3179333640890554,0.5837056008937029,-0.8514191026785474,-0.06909518594748928,0.546350583129755,0.24796081463195874,-0.5069513756551369,1718
0.20455970124933512,0.44138677412665617,-0.5534853946320013,0.3149603301689165,-1.278657758890985,-0.38286292942379613,0.07881504524026166,0.7276314885401062,0.15726455389107516,1719
0.2205411914346433,0.1513737146200457,-0.48430211870475126,0.11135783354429812,-0.5820443746906424,-0.1682875699837915,-0.054671779955163397,0.3937925095992892,0.1528546025128764,1720
0.1074187924540919,-0.07846962142826952,-0.2534581676372958,0.20459272488706884,-0.20117128655736452,-0.12946552436707723,0.1905406344449976,0.1968940063685797,0.22839760989159524,1721
-0.05918372131846597,0.1554425840984532,-0.6344142605584684,0.3406890126698928,-0.9491091626963096,-0.09246847188689829,0.3676524794482124,0.4204446487215235,0.2884861205985101,1722
-0.010292424568662922,-0.3997442132587208,-0.07170245690931595,0.2380613195292936,-0.42263939475847734,-0.21621907812363925,0.3122230820407084,0.5418635378443605,-0.17291801804845897,1723
0.37564694431657264,0.5036291160844811,0.0010412682615652626,0.33188080052155,-1.2058110746779327,-0.4333927794133839,-0.04778544834484815,0.7389146027116029,-0.1950919561024848,1724
0.03066654871321852,0.5585012670852018,-0.18731556312363046,0.3738555795843567,-1.1315432816362188,-0.2059015125174279,0.1453021496909419,0.5678789392630184,-0.1057207335638245,1725
0.0006344800813705705,0.6655017504510367,-0.28009211172925513,0.3342303576647688,-1.1711377146839521,-0.16791892463326358,0.042482612916063776,0.5002700015736411,-0.05279690083371552,1726
0.08849332142070307,0.6601932471557687,-0.1621472757854958,0.4743348484920564,-1.164917987325949,-0.2681060850789298,-0.08777530382795903,0.6348576081949276,-0.1823477603889987,1727
0.2189824208631378,-0.48532875145828247,-0.2027169390455049,0.10852151275135523,-0.268930161036378,-0.22869047145178287,0.036652933622054254,0.848080701802172,-0.07887998037100445,1728
0.19662189691273999,0.5714703472673107,-0.33779500317996547,0.3513366022764905,-1.3586473205491219,-0.3038804915668579,0.04247881625000262,0.841973707907453,0.008362073881148862,1729
-0.5712462197817153,0.20044389376401228,-0.5924663823599248,0.5776360327548022,-0.9290392253773355,0.2020665241957656,0.3028924459772515,0.6210620659348636,-0.09970923285487829,1730
0.30482964089642617,0.061513141366298256,-0.1717827040348793,-0.15255142686376175,-0.3825686097733187,-0.11820385855686391,0.20512888758254885,0.22637163371326144,-0.010658620522008245,1731
-0.35733400491665207,0.23279341638157816,-0.33766017846193264,0.39513657736293223,-0.9367299295704969,-0.001282560822706099,0.10077881112573935,0.6459063671452578,-0.23534780430261348,1732
-0.09769705157227819,0.06850949359758535,-0.2178046132790236,0.41633991285482264,-0.7562303249488432,-0.3660849110272464,0.18127245905748432,0.6185317758352945,-0.03583975737218853,1733
-0.19565236636825575,0.45091534595483973,-0.20623634928377504,0.555999225963674,-1.2608801420393005,-0.18278333230390273,-0.06190917446888207,0.9648943027302646,-0.29928425652158225,1734
0.3396516144330503,0.48506800028718017,-0.39665652853624406,0.055696053107263326,-0.9065885062417648,-0.26713475727186453,0.15660416638322544,0.33084473318343344,0.18880199101770578,1735
-0.23807840722241663,-0.25719969706887663,-0.12890926469371822,0.43052507657548245,-0.9607588415164212,-0.027159633526873846,0.33450243337284163,0.9929359765777396,-0.4544906640769226,1736
-0.28754656009227,0.19834665511645522,-0.47465199808395514,0.46421617579430036,-0.8887818556458693,-0.0612107515442046,0.23765808150959652,0.6048749429695198,0.0270077727415436,1737
0.15275112793099127,0.31816948697085246,-0.02679926265818916,0.419918251171759,-1.266326156788222,-0.3445519299152491,0.22659761315098972,0.7561211902090798,-0.3041694941562021,1738
0.19335691349339273,0.2956635745472618,-0.5912661728626019,0.3647537075887667,-1.401309521971547,-0.18738373095533672,0.599732682797424,0.47439904904787866,0.2280642765950475,1739
0.10897946081091471,0.7035311762293193,-0.1262154764284013,0.6043449015118564,-1.3791657365690952,-0.506093565092984,0.0012942976501189342,0.6487360345601838,-0.03796741018315333,1740
0.2544816459882541,0.40952088849800666,-0.3152572953051899,0.23635173036509075,-1.2945568025772194,-0.26669919510139684,0.061369521284176484,0.7575294167565192,-0.04423044996756712,1741
0.2353208089439713,0.4832526291050933,-0.1399937622176658,0.3655520555237839,-1.1012585504586512,-0.36378382180505675,-0.14300882209575289,0.77005944942374,-0.13230319995630002,1742
-0.6416876903761307,0.0741502860835042,-0.7466344769214746,0.822038710467043,-1.0078080681751327,0.028008101443432968,0.20085638891851695,0.8934288271631535,0.13045051158264545,1743
0.16240114457083635,-0.09041925365778113,-0.17897304390482813,0.428059851074574,-0.9265914764733023,-0.41161504480746103,0.20448076776963525,0.904110661533285,0.08207049547792011,1744
-0.5029675514659405,-0.047307768000739006,-0.46209064824612006,0.6271902473008208,-1.0795472206978085,0.015106638661533334,0.43394479636132,0.9799557682475792,-0.18222664492748977,1745
-0.07334944026533366,-0.16653883903190017,-0.7890322896510238,0.4282996858748817,-1.043271337483145,-0.18784177253062634,0.3293706686082853,0.9204803120637693,0.30845160628163165,1746
-0.0067027286843289215,0.26800674570670713,-0.07779977504859469,0.5223792939753819,-0.9823100639258577,-0.3562984793656228,0.13803168093764842,0.5511750036599065,-0.07940721962879443,1747
-0.4115782219372996,0.02223932644629277,-0.6905278476370015,0.37785075635417853,-0.9779466416928978,0.06361101601950046,0.2860072331388612,0.9020782495889659,0.03127544714970906,1748
-0.15460738947534666,0.027616098507043423,-0.3068052446722526,0.4535337727353871,-0.6678916477741177,-0.0737160204759571,0.4097066779343439,0.3914088878683709,0.00014170585760552522,1749
0.4365407796331547,0.1423248820980673,-0.5094343777998966,-0.03250204108764219,-0.7457127598121208,-0.2845409287279301,0.09652201204928858,0.43707417230098305,0.30722648967045524,1750
-0.4598408132748058,-0.14374676472653716,0.04602269864166098,0.6559551207986992,-0.8947566313194394,-0.07295880958628603,0.34915328550330943,0.902640157378786,-0.6711457583585442,1751
0.041959894236652334,-0.02230489645415087,-0.037484824864142785,0.37049400534476495,-0.9188130432370858,-0.18017008362776737,0.5569926945597761,0.5108735318873515,-0.18022215022726557,1752
0.37185993120091754,-0.030964596425822426,0.019696610040736973,0.1413914563263718,-0.6215723913406744,-0.3913865339529464,0.0290246266392742,0.6842307013840362,-0.07028959056255005,1753
-0.35228302659169414,0.024682280689452905,-0.5515075171087025,0.24493691803670242,-0.635489106924695,0.14671824245926618,0.28919419345544606,0.4809392517738771,0.04428065322692999,1754
-0.24652220317542306,-0.0609445739248177,-0.7658521455870483,0.48141497403853,-1.0452315443404978,-0.10397657423889319,0.31787946657864835,0.8979897229333926,0.21347903760725828,1755
-0.20613734140859152,0.33477077529759625,-0.5791717901964424,0.5047367250677322,-1.2106280362623236,-0.012322259433413684,0.3917495737269099,0.5653618723727067,0.06973382522691907,1756
0.13650993345949003,0.04390337167081251,-0.36688017832774455,0.3634810273503751,-1.0909403040981966,-0.15039478148673383,0.6287212644678837,0.48316399052751796,0.11595314866884268,1757
-0.1895916335701576,-0.10547349524246252,-0.6021976850461817,0.46624115892756457,-0.9115574176891745,-0.13948746853949032,0.33525858977205153,0.744472131134258,0.14782853056204415,1758
-0.06779126118036606,0.13997362772646335,-0.3457904678154966,0.2664143904697858,-0.7300791145325092,-0.04426681607739485,0.49359053242691536,0.2904506300306289,0.05528038255427693,1759
-0.36183328882905974,0.45287182208737137,-0.6433991084939245,0.4351611665996031,-0.8953160213329016,0.11889548058420128,0.39439952521346644,0.16182889188179042,0.25869571931522567,1760
-0.25035932749666767,0.27175964571448713,-0.03725232306052748,0.33332514177610584,-0.7259746659321659,0.019789346884144698,0.2176776093258026,0.428824884248146,-0.4201589859779338,1761
0.2435218096330574,0.8905757255756025,-0.3189402732203441,0.3198011692196455,-1.1600803414283354,-0.2490465574820189,0.1420898479011523,0.21925638332218275,0.20041583002340238,1762
0.1282877703552728,0.3102665136828596,-0.42036350648794363,0.2475363183160684,-1.1310603613389862,-0.2612169588728131,0.24827923741024505,0.6299719378787261,0.025254889869422283,1763
0.03438140337720063,0.3040632195837051,-0.47242944663578995,0.3774732235570449,-1.0194801208720137,-0.2587754592431663,0.16624065458018913,0.6850151621914163,0.12211339191784762,1764
-0.3245712258127842,-0.039671367844338806,-0.6334776795688914,0.43901941459438154,-0.7770513380314389,-0.02602059304051117,0.2786991391122022,0.7465311163585581,0.18244575277423297,1765
-0.1543592287364977,0.6509157294599102,-0.2871876020411275,0.5053588223372485,-1.4093210572823858,-0.22544333923578042,-0.2170343342850445,0.9073178925610741,-0.31249563385258977,1766
0.20074854752947893,0.07583044913762763,0.10090456717193078,0.0923277018857128,-0.7242697911465289,-0.3657183049175499,-0.11153035848145695,0.8921020534581704,-0.5372784238725583,1767
0.03251959059798214,-0.4522943625331835,-0.23244358873879467,0.21250438119943238,-0.5514624257801912,-0.06201101991252497,0.5736060941098899,0.5851758508516499,-0.11394385617049752,1768
-0.04101719617403009,0.29326827319465515,0.06044093048677706,0.5244754933419997,-1.1259561505966813,-0.305383784101053,-0.004961416749183994,0.9016316172458638,-0.5402496170680435,1769
-0.07443653018921989,-0.2116695893244895,-0.5721139368892779,0.2816690843283897,-0.973350113211158,-0.09511330173175576,0.24627313144851387,0.9662230060825965,-0.027076236150578515,1770
0.03579421874456167,0.07485588552997922,-0.39175530570753825,0.5138767425946724,-1.099567109557337,-0.20959514668223622,0.4587381483030728,0.6593745625098428,0.22014905661772344,1771
-0.2952888994159247,0.2426825017306163,-0.38189641251352224,0.38879212304475447,-0.6332074735948567,0.008637785389793972,0.08234238647879696,0.45532765717594453,0.014531576629972655,1772
-0.07076507214621908,-0.04482495372072859,-0.5363709812783967,0.322593483193453,-0.7855246142523086,-0.07670377261262516,0.2120431842867929,0.589370580059747,0.13031637938083404,1773
-0.04067213871781505,0.5607350568867759,-0.16867216655626788,0.46564912764156174,-1.2112890609227567,-0.22751657873212872,-0.11279459921795729,0.7303964863329786,-0.24552533963130235,1774
0.14786482571223936,0.509750842946071,-0.11079449255533017,0.33168829371000536,-1.2350361559877188,-0.3217443517318949,-0.05484606470617097,0.7488512493863804,-0.3481229655222932,1775
0.1990152864123177,0.6344525458997167,-0.28226306430304504,0.16196218116603747,-1.0875336508246511,-0.22790965387933648,-0.030413562287519083,0.47147108621493405,-0.06509128060709239,1776
-0.2415680692872613,0.08460011344795006,-0.48105815419068615,0.5772388775721357,-1.48602130076759,-0.06806643130061935,0.45426185580788075,0.8658970905934303,-0.05042011561120741,1777
0.3064071836079176,0.42932417420583846,0.03139771816871306,0.18763442714183068,-0.8847838665474825,-0.31384802563998676,0.12086392728752841,0.37852446357540914,-0.13842509336568395,1778
0.421017382522382,0.017327070625422193,-0.4443636965166953,0.17065348743418504,-1.0152862478975484,-0.26825492703875864,0.42186582466220146,0.41026478731455174,0.19798163703641672,1779
-0.27418603229997124,-0.1491162370414185,-0.6695915954159304,0.30462225021477674,-0.7781354650772058,0.043375267867126165,0.2623085750044592,0.8244157235831002,0.029969483929737042,1780
0.15493169240020147,-0.0193136070632873,-0.8748378822111802,0.2234124681590752,-0.8434251925364394,0.00329410890095913,0.8344211745079394,0.1602694699483399,0.6818980137794346,1781
-0.20340699551617344,-0.1004864594651546,-0.12974011161428292,0.5757839191015388,-0.7077482980448621,-0.160418234669792,0.33745300282358554,0.5602455512067257,-0.09218197035759715,1782
0.3022103857899464,0.2830600882185307,-0.10294742924251024,0.30540821000558893,-1.1955632913832326,-0.37658603232504134,-0.023504714989053613,0.9297298584119891,-0.1558194132028583,1783
0.12174203292534186,0.6707692683216132,-0.12467769001813328,0.48983068028461574,-1.2337698070571939,-0.32738874939500723,-0.050671621728993886,0.5483878295163059,-0.168588716502034,1784
-0.24046202327914684,0.5325792692138513,-0.06685922739648129,0.6038128821808946,-1.2718473239370376,-0.18891022760796009,-0.1268885348805408,0.7361221389373875,-0.3826153528759022,1785
0.2384836087782092,0.22878086471045336,-0.03173035613526501,0.5507558491123049,-1.2162474228007456,-0.3495442484642637,0.12754925668116868,0.7348493296444145,-0.28570326066336627,1786
0.1369945575514003,-0.18290298816322786,-0.06637308874834158,0.10632767726496807,-0.4740667538166246,-0.18102862020724933,0.2056775807226841,0.584568365315642,-0.2036328915751724,1787
-0.46021299451089626,0.0767572866934292,-0.5891052989357686,0.5910742912463072,-0.6548371489769824,-0.06274454005615801,0.2562566682835484,0.41197461822221454,0.14072475048350688,1788
0.31913716799649433,0.27575771170496644,0.0657189716476249,0.41792930337772216,-1.2551226849571466,-0.4153949237426678,0.42461765742511387,0.5665233064425665,-0.11008849614415982,1789
-0.26735447645471105,-0.16426409222891702,-0.17672026454359702,0.6038549425356043,-0.8781990764414437,-0.2101442469018759,0.25869408893635354,0.9358573708912874,-0.19053369245831936,1790
-0.19601199548714335,0.2716854436529372,-0.1511110428137542,0.519971974920328,-0.8715435800483252,-0.266813510699608,0.08971169026526325,0.4868982025607114,-0.0933769404890558,1791
0.24976538522771727,0.47452651018432435,-0.30433025026477684,0.30737552394867257,-1.4655732648741089,-0.2345830771178323,0.2637822208228181,0.6444006698173432,-0.01126379513534062,1792
-0.7246139803829863,-0.03736431256300957,-0.5932683408801436,0.8421861992331721,-1.141748216137845,0.06651696000038818,0.10823530012479066,1.2413442739721348,-0.13077160402801022,1793
0.20358640209132864,-0.019400224373249942,-0.2905575755007774,0.2659929415354464,-1.0260651021144576,-0.2545017746395443,0.3341431554169423,0.5861273081723659,-0.02471758225964979,1794
0.1605811878546249,0.2214847940330974,0.08075404330393351,0.28504702209285104,-0.7601217235582288,-0.3483383349715237,0.18630679379259024,0.3761234219059569,-0.13901867378702673,1795
-0.4699233979386503,-0.0557148567957,-0.40746112476972773,0.6445636334850151,-0.8163625526287773,-0.1064601314598288,0.03791565952563051,0.9050293111439467,-0.1366075653121091,1796
-0.021312958363787163,-0.05694420332930139,-0.13304281629193865,0.36127375194236167,-0.6538802381699842,-0.14892835118280295,0.3249482748608597,0.47993283636927236,-0.04928150811081742,1797
0.024608476926487648,0.5624792980986916,-0.12261116352297982,0.3506477553124736,-1.1336484444591255,-0.25568826473553913,0.01990722104622682,0.709859204881722,-0.2949568709007403,1798
0.033971571908713055,0.607813504029941,-0.096913213795116,0.46702718838061535,-1.3504664399051207,-0.27078037319380033,0.21703342652261676,0.6366007486331017,-0.1664998937318353,1799
-0.31789464459888583,0.08800982297284084,-0.5440501529818379,0.49378464829071284,-0.9214341578568326,-0.02962412964575997,0.2556061244739172,0.7233830112284725,0.16139648418440575,1800
-0.027736790138985973,-0.17098123089352824,-0.2689488050020878,0.33370857236197965,-0.910762254155191,-0.21552104390610824,0.2523145265714964,0.9304514699822116,-0.1584873866245015,1801
0.015545414001020158,0.05089620659850507,-0.3794987684390972,0.20385725546791836,-0.785420501536777,-0.12752392805634474,0.22257626135378608,0.644361700297263,0.027721183718163036,1802
-0.17009540791310876,-0.11284729527317756,-0.6614909825605158,0.5226810935052354,-1.3831346976648649,-0.16543148849553058,0.3062047584856912,1.0297328521702531,0.12496310127760106,1803
-0.04225436886871259,0.3432526449249362,-0.020099006336240895,0.45527765189744523,-1.0218906886376435,-0.22440188976027728,0.048091852834978806,0.5431103816480934,-0.3611411509834819,1804
-0.2822129386239448,0.3973283743265947,-0.3472004950967631,0.5003429292200454,-0.9083182684598918,-0.12503108170949878,0.15009273645235702,0.4933633826687319,0.06447787696330369,1805
0.26338986228239786,0.4765848906941202,-0.2659588675864585,0.47158317682986867,-1.3030950795129437,-0.4374017950489437,0.09116158326809909,0.7402710040678575,0.00800651761573271,1806
0.27953705572331605,-0.2967493979414497,-0.5189055951454619,-0.16729078500277217,0.0014183920249103677,-0.058604128559168814,0.0849029647186887,0.2531499533257282,0.30610117330766884,1807
-0.09232725734992356,0.03109648342062881,0.05807815688514807,0.36320488849363014,-0.9235907010325483,-0.19913932459390213,0.10766140693322072,0.9419564601526038,-0.5459081725268553,1808
-0.10842290442654176,0.2871561479978883,0.053055321604407554,0.5372102519057138,-1.0782358541028918,-0.2628330532611443,0.05984643617159722,0.6571769567964519,-0.38563419860838305,1809
0.21397205072345837,-0.496711941303989,-0.12141400573190084,0.18299030858085477,-0.5704596542500058,-0.23721449081557525,0.2424033528993663,0.9055408016812809,-0.19371596701729873,1810
0.14242417461655138,0.030851958889880488,-0.31462871932045783,0.3054900559264164,-0.9991979390036251,-0.14236597694906827,0.5112290236376944,0.4511464363863336,0.018600471721486624,1811
-0.05347888011525777,-0.622327624299258,-0.388895919088214,0.24681834969933292,-0.4311329220144289,-0.038350744616969135,0.3677450211327243,0.9038757402273566,-0.07611896433629538,1812
0.07136043872335249,0.6452446980537156,-0.28196575192571643,0.4663188407746306,-1.2565280719083676,-0.4380153616224198,-0.09175199389069855,0.7602638491303424,-0.06522576675829264,1813
-0.028483410143279597,0.5801206911973117,0.03865810433926194,0.6667339415483219,-1.166355186838724,-0.3562598785221632,-0.010358172715646622,0.8269017152736912,-0.24339527363576602,1814
-0.04664079345992455,0.4016192301517533,-0.3492409995583347,0.45853679737022046,-1.4904225071123671,-0.32755610924375983,0.05180678741274639,1.0976085499009274,-0.2212477025748576,1815
-0.05037741578506906,0.5189535103492926,0.059683067949014235,0.3597642487856722,-1.1371189124774317,-0.1994142596612575,-0.08424260119211785,0.7432043734316307,-0.47768171355527106,1816
-0.1612217678309952,0.29768128400240895,-0.438196811808969,0.5554602726476748,-1.151343756034272,-0.14428290891184548,0.3423200720323903,0.6650592858834783,0.07704232717909128,1817
-0.15338827948592135,-0.21750939816011042,-0.2793145623818425,0.5604578010190285,-1.0454144765275162,-0.24274503535842978,0.20223305991457036,1.0605093124259155,-0.22740223744384566,1818
0.10825114017387201,-0.4809138785191816,-0.15784692451429327,0.1572947216675451,-0.5708423089740322,-0.08664082724716861,0.5520426553558301,0.6650952608957399,-0.2868680878353022,1819
-0.06335726889062418,-0.14630633140069793,-0.6329241919136616,0.25681509221049953,-0.9287938103698289,-0.11478641973408778,0.17424247723966635,0.9480880688729207,0.145636792722296,1820
-0.44030833042465517,-0.17390184920329052,-0.3749453655456978,0.48382359551395204,-0.8600030891608343,-0.06248557461212703,0.04453304247379582,1.206684963422508,-0.3062072119779637,1821
0.25412584589431114,0.06269132683709193,-0.5240124040990938,0.21349903323633787,-0.9961560893117359,-0.02742637349619545,0.7629289579034971,0.0966473243523168,0.30519054554051694,1822
0.28679500706807876,-0.6098845517755913,-0.37403113093660456,-0.20988997917291066,0.16353692074294418,-0.03796000200916952,0.16763605237198514,0.422285259813383,0.1820089930591894,1823
-0.01950183798517047,-0.23157292963498718,-0.5061849321261349,0.42081295724142054,-0.9588881958484226,-0.018801028830349995,0.9789294939917194,0.3604242625852287,0.10710167612818287,1824
-0.01200084179888488,0.08057524806670818,-0.58839534025571,-0.10131492626081795,-0.2561788343371355,0.11420547298797012,0.14818553667973822,0.1374307451572578,0.19110429951963703,1825
-0.4534984082017046,0.32135725438478285,-0.7610184014889989,0.39655541994704596,-0.6393615853118615,0.19122584560744862,0.18214178556442298,0.2966936148121054,0.24242764402060862,1826
-0.24883347854858087,0.38359893132759715,-0.2753292379455715,0.6126799168308676,-0.9985530672046713,-0.22368332195662669,0.21201830016263104,0.49498112052198345,0.02266267475176781,1827
-0.6774536088180477,-0.38658977543091233,-0.573066990039068,0.824761534920804,-0.780517360491391,-0.05040027245341899,0.20770423713291028,1.173294830689868,-0.048902282150761416,1828
-0.10583749511109172,0.2708374569091376,0.03803995314502274,0.6076477965465935,-0.9557513548722878,-0.34967518016892424,0.14287461792433592,0.7276562806323792,-0.1933817474447811,1829
-0.5256048749730711,-0.028062309629989225,-0.8247678326408776,0.5540059979707177,-1.0479411885391527,0.05133602638244774,0.07024257231073641,1.1486291260406742,0.1884766038758785,1830
0.15710464167969773,0.5054192121406085,-0.10100482924054312,0.43942934977628445,-1.520938578624008,-0.389693734847956,-0.07208544521024013,1.1862401113528842,-0.33591880690233267,1831
0.1924812209537682,-0.24538833564493828,-0.5308303981994488,0.2640044763971454,-0.9822850968692389,-0.25895182100800407,0.35885447390761277,0.8926005547683596,0.13095507538404316,1832
-0.13663163208181295,0.21834700344979083,-0.3124492191989304,0.5818869133475264,-1.0301591230128324,-0.26192512083778613,0.17371880379871896,0.8564422351603989,-0.013591474383645072,1833
0.014134151961259644,-0.24557661250194568,-0.37241625513141774,0.3183941053219756,-0.872100641598685,-0.19478110947037694,0.4105368227503605,0.8319795418193593,-0.11114579282254275,1834
-0.37055325295034813,-0.019882669770533566,-0.6371285483378869,0.5631041365800619,-0.7525774588539959,-0.0745998314231162,0.32261851938743114,0.6291672818572742,0.18887722290292552,1835
0.18825710846201307,-0.052858718203838244,-0.21883199641772824,0.25554996770264127,-0.6437447808840319,-0.28467353606572304,0.1938296234300491,0.5524233661428277,-0.008711840109249403,1836
-0.10561343662841405,-0.290828545568573,-0.36183946488626817,0.46056781263644053,-0.7323986507142999,-0.1575852710064705,0.4236519786627444,0.740396452821319,0.02767744620314577,1837
-0.5578092950818964,-0.15560740221599967,-0.31276944058717143,0.6774374054191952,-0.5395381391306966,-0.07818733190222989,0.2697452081237986,0.5505035687543559,-0.08621077892475329,1838
0.3203519145790583,0.3311731896066413,-0.3529043335467688,0.19979786039930308,-1.129085702647265,-0.33580893231795034,0.22986263336642182,0.6080190731087662,0.043550891468662124,1839
0.185608339628445,0.3841334790947633,-0.4036368303746502,0.3643844776482802,-1.2662462693773175,-0.20184462761209368,0.4818257176366673,0.4870344143530004,0.026092413198249887,1840
0.06529075433555699,0.557200883190722,-0.37450462761919073,0.4983166540949347,-1.4105931732715102,-0.34752985719096,-0.11398508733133304,0.718915158703581,-0.047004024605728986,1841
0.08596288465884519,0.494921576400095,-0.5029043663687218,0.24562687924893892,-0.9499825038865383,-0.16970435547682935,0.09213968583414049,0.39197892396525236,0.07547223238395326,1842
0.056159155578597984,-0.0013095761302160766,-0.6168194092025452,0.24131306306237774,-0.7806396044829219,-0.15018112364613687,0.14698098705613594,0.6104965855774748,0.23335642953539235,1843
-0.3863093443872869,-0.3232491087506178,0.08474523413139501,0.622663825456009,-0.8826452423084624,-0.12956039442658424,0.17166989156032023,1.194744438374039,-0.609608233764725,1844
-0.3521783024626452,-0.016943713697231425,-0.30579384465973647,0.6218509386107888,-0.9324976595010787,-0.21262285220083502,0.23455233716494991,0.8981997376718605,-0.12248460866330313,1845
-0.27596289488918263,0.24721424583953672,-0.03349814580750441,0.6333115255951316,-0.6600168067676444,-0.28873171637815426,0.26710867748174505,0.15530269522321816,0.029222480179238324,1846
0.14818215654332798,0.5919157895060135,-0.19391782515842287,0.3700160849357999,-1.1845718907454514,-0.32667498758138636,0.03552792221340871,0.4623050025368226,0.018461108598850307,1847
0.052822702985872744,0.2301758361137229,0.08276565486926157,0.4779165883931353,-1.036584714500288,-0.29935456910496305,-0.09775955894863246,0.8015974859534589,-0.3574909951249629,1848
-0.23300761985819402,0.23922045065804304,0.11175447200829455,0.7187959996000093,-0.9112921703271613,-0.3473813008315174,-0.14745330382129487,1.0267160679918557,-0.5726271101722299,1849
0.07554985432199682,-0.0006244871996905846,-0.4531010348286401,0.19435494073925622,-0.8581648898942631,-0.1862395821886763,0.1803985996914284,0.6918001617060077,0.057231589513225906,1850
-0.622619329898135,-0.2562547540506596,-0.4132161655537435,0.8286131070340775,-0.784125055509862,-0.10318923521085087,0.464143005639009,0.8349336823928172,-0.11466715712277929,1851
-0.3566697356756562,-0.3718592663419372,0.10234234905204985,0.6444200976269517,-1.1434528602001959,-0.1732140988586211,0.28838902608108863,1.3014743543396272,-0.7799801097278172,1852
-0.16868486906695365,-0.07638768014634319,-0.3021883962932196,0.44102099984446785,-0.9606355718510531,-0.10697804718200575,0.36446913543951504,0.7477977774254557,-0.13002153357546478,1853
0.02640815690788636,0.02518155523938213,-0.3757077515529044,0.22760693363307835,-0.7967193093863012,-0.15628679672410134,0.19240777589984848,0.7237966481521612,-0.0854668652631778,1854
0.1964436685707239,0.27628253644115297,-0.6267864026842606,0.1484560013976966,-0.8797651537319006,-0.03477205951958666,0.5701404558029837,0.09322649264569188,0.41577435155810955,1855
0.14836080623153067,-0.3203140967994507,-0.24106601898053098,0.4756098333206056,-1.0007006997172048,-0.36190820959399705,0.26159915103295917,1.0965336780534136,-0.11059985696320393,1856
-0.02705949642395935,-0.27914360385844367,-0.3133466996969552,0.5518072917071378,-1.044809653694253,-0.3271147978602569,0.3742856138451114,1.0437564739617922,0.01285066333049777,1857
0.3040931041236414,0.20699508314572834,0.17497746202876915,0.3710017850307191,-1.290246739306505,-0.4789794175063896,0.06847825052899585,1.005693643471714,-0.3789379417390575,1858
0.001743795153222422,-0.03026278584451709,-0.3447629595976262,0.2860748205589009,-0.8543091070893861,-0.18644765477420952,0.23064264382163116,0.7232154838781581,-0.13193829109464908,1859
-0.06248108107998024,0.4600909861346032,0.05625644491020874,0.5308858469489055,-1.1296153560512376,-0.30150356413814433,-0.1577569342942054,0.8796657664118027,-0.49294573443777623,1860
0.017588055249602576,0.499359207420389,-0.09559261334060795,0.42330578603282065,-1.450258443591108,-0.3409519110466951,-0.095017148105191,0.9783418376347566,-0.4495119648228618,1861
-0.14266923878129212,-0.3274340238374912,-0.1337072872642932,0.4126877577006214,-0.6124949833992339,-0.22034400509042695,0.4945237592754742,0.5857867877741351,-0.18559948056250808,1862
0.2870011375730162,-0.9138850590184143,-0.42739909266005344,-0.1091867316808385,0.09325913370955624,-0.1498235017667611,0.05558332702396074,0.9009694093305306,0.20329008980804555,1863
0.07000059370213774,-0.35742764212188716,-0.4820585392653597,0.115371963616849,-0.013395569339821303,-0.030489670663052106,-0.023154819603843798,0.4155831801401004,0.2710298179236363,1864
-0.2843403332293247,0.3643161980262357,-0.7002033663653898,0.27371262926947176,-0.775538893029527,0.1081602698409262,0.3923125947080252,0.20010380983432974,0.37111052841445685,1865
-0.15967969793962108,0.24993481830925784,-0.004301383663755101,0.38426729885271466,-0.8875116769997206,-0.1463526776756048,0.0792025560206771,0.7096406159338252,-0.5402118941327411,1866
-0.3507184076886348,0.004528315444671775,-0.41574530002427285,0.4938152391438932,-1.0849171096147643,-0.06080733053733822,0.050360722859013295,1.118422103111165,-0.20677355383255847,1867
-0.004306738355227123,0.4700449092281764,-0.19601625239224987,0.4489821797852645,-1.3030057677122722,-0.3093099390915411,0.10311069981727293,0.8228726280848396,-0.20012574480205297,1868
0.4065836829811292,0.18707878570070688,-0.13176484673205924,0.23873497541536393,-0.8589328655722359,-0.5061673202820594,0.20557489920553015,0.5268138688208988,0.2008869892135959,1869
0.20323870103471095,0.09353523294271765,-0.48533109572691147,0.20382209446858707,-0.704896472043968,-0.21812581178163798,0.23494116268475576,0.4623648950613605,0.2693881272408658,1870
-0.21439891769791022,0.027153085155753372,-0.6586127458978559,0.4975976596676212,-0.9124379421125836,-0.12186786004588405,0.1933658015801315,0.7910117330144727,0.24766947316641916,1871
0.06118254675887075,0.05565858031699117,0.01378465632328799,0.3589617763414401,-0.8429748560537271,-0.3679677283315528,0.08947718262266048,0.8047311190957254,-0.25283804435618107,1872
-0.2822743170519563,-0.35525141999669874,-0.6745717076954724,0.488266853192028,-0.5886737163361904,-0.08718587457383487,0.2722998318392459,0.8515062598045327,0.2660790406431426,1873
0.31531831568005886,-0.48947920791360816,-0.5160788771886138,0.16135164920684322,-0.4814383751857817,-0.2815510514509479,0.04628115171208938,0.8992928293840973,0.23941344053519384,1874
-0.2545849757270343,0.14072649531789996,-0.4833839918149877,0.44790109410028195,-0.8676321986741942,0.023483022045576455,0.341592570889538,0.6351312636995196,-0.13828350830961847,1875
0.041778101507435716,-0.11176059699589533,-0.2792283347285243,0.20706768045123128,-0.8647541313435874,-0.1679459820688548,0.25919649094573866,0.8194781598371566,-0.12543602608658902,1876
0.05916968881741865,0.5060220449515549,-0.34753260644589934,0.3203239360168577,-0.9149568977469212,-0.06330213358612544,0.464839415497436,0.08933834745753053,0.11101410592041337,1877
-0.07564143166683343,0.3235726377752044,-0.0971739282487782,0.4716329602626062,-0.974632718751198,-0.19165718352000866,0.22565576809850213,0.5558692246541452,-0.29175632310581245,1878
-0.302904509918929,0.10896161516937561,-0.635168648654618,0.39370530165564727,-0.8951592259133884,-0.042697854025139904,0.08811930685291104,0.9171060880627808,0.044567069662237765,1879
-0.46353978560025555,-0.3263118921835486,-0.5901043515819541,0.4969040620792034,-1.0181130696617797,0.039667342038349845,0.23744569871222435,1.2327278389495053,-0.13141728471904462,1880
-0.4552903683167577,0.24674589150911477,-0.37310157359262386,0.67740954415163,-1.263471098180745,-0.06964752204615335,0.11833755425348047,1.1276966966486166,-0.19927035750538769,1881
-0.04962596792161437,-0.06257965127419461,-0.1480019352630104,0.3905205645753736,-1.2193412058833986,-0.24720195986414342,0.1139982680113429,1.0888893233553294,-0.47031631418285047,1882
-0.14126799072060164,-0.021610072286054847,-0.14226829158538043,0.5570152289671716,-1.246078062867475,-0.23972795037049133,0.23281204275001838,1.0635753147428844,-0.29620010451239404,1883
0.08976012795068822,0.42854053012004817,-0.16485664206683476,0.4495347263662728,-1.4303966194369517,-0.3269534381565657,-0.0639428300087479,0.9965089436040705,-0.2655876448655605,1884
-0.09720963536964936,0.0959889707868659,-0.10725723842250713,0.4825336977603174,-1.0448896264510248,-0.26963040492892903,0.20711179180601957,0.9046985131385403,-0.3072919175380507,1885
-0.12080027969562324,-0.28718932166785077,-0.19295461922169013,0.4241178458035356,-0.6224994599402583,-0.1827159681265366,0.5102555627826417,0.5824063200837041,-0.18057256446590766,1886
-0.33788803098500664,-0.145284691259965,-0.47748275769898313,0.4865592767658098,-1.0290878610103105,-0.07294128025390201,0.19037539034332113,1.1518113688584386,-0.1222488214007967,1887
-0.4288890791327633,0.09496419104409638,-0.04549630065444933,0.7072060032945228,-0.7053169439242752,-0.15154193549128267,0.3166895755799231,0.4653012043333374,-0.23185567128461318,1888
-0.03671881960350718,-0.10480385434928742,-0.5361736892036834,0.27377351469892913,-0.8826896481441712,-0.14648111691393623,0.20912020434401327,0.774077766633044,0.08309848958998643,1889
0.02437736475246574,0.28643904174266416,-0.21218056327604362,0.43325912877177086,-1.0589836941535464,-0.22165625344990356,0.07813050853332405,0.7140356025404574,-0.27053180730591864,1890
0.2558744136988942,-0.30131132351602236,-0.2651862835522912,0.23152478676078955,-0.8892757988303259,-0.1507048649429818,0.5080428185728693,0.6668468528298713,-0.04861280618282781,1891
0.05264730611101971,0.6123613328534877,0.023292355204779784,0.6351124484120607,-1.3060936445932094,-0.4258255050178885,0.02195207128208351,0.6063888681214481,-0.2452228378597923,1892
0.24728486034188707,0.12909995414433315,-0.20929844671086012,0.23255726027151685,-0.9312220753340703,-0.18086848345852088,0.2931731297588809,0.4328198794548494,-0.020865353650026147,1893
-0.21675385930405083,0.20043966794201837,-0.740309444640897,0.2971888393445233,-0.6971066650780938,0.011288715989523418,0.26666765207019,0.4498457337323615,0.3137553532941152,1894
0.18985163914687425,0.5608482082552841,-0.18525084589682717,0.2886212093793394,-1.2173996112748233,-0.3377054078224785,-0.021647163660289105,0.6991908657558087,-0.1250682903717758,1895
0.3261012220676206,0.4088413692748562,-0.11604233704061308,0.2144229037187552,-1.2368118259267717,-0.3461885444634418,0.05105134768409124,0.7590387880018808,-0.21448695189925304,1896
-0.05679325216775456,0.28950859024377,-0.31638934167969324,0.4454475818051731,-1.1613562489321572,-0.25968194985981585,0.011632713397096577,0.7411477579810283,-0.22159049709091036,1897
-0.2783282693367878,-0.31628193487514805,-0.6435512282459227,0.5641688687775799,-0.9408961503601648,-0.0704588001936685,0.29342849776735497,1.2032605094773767,0.034327385380680114,1898
0.26840074221552934,0.17631488491392527,-0.03804443637325478,0.17900580585182477,-0.7844193214855979,-0.28984852815857065,-0.021707849804313135,0.560711126932212,-0.14042076041898427,1899
-0.011455197034311306,-0.23943338279787338,-0.6334521560395001,0.1982348528858036,-0.6017824982416283,0.06342883635937674,0.6130253698430411,0.3284833459396922,0.21193342858708605,1900
-0.08494512117163242,0.521476688768456,-0.11888060698016784,0.4224262968324018,-1.094148206902095,-0.20191757371414212,-0.127421018748377,0.74679095944614,-0.36098636628218106,1901
-0.3912863793370451,-0.38007803936094636,-0.4828358235483998,0.6288439557147384,-0.5880100899112457,-0.1436920760258427,0.3528940137497537,0.8244548618634713,0.16110408675447016,1902
0.20893585474685075,0.706420871956047,-0.49226008814843003,0.1932002869839795,-1.0893169654050294,-0.13607134421752956,0.3310193264777708,0.14009833464497112,0.23971318216682946,1903
-0.09990717076559234,-0.19048994103041036,-0.35981960505009986,0.48055568125181236,-0.7776414088838355,-0.15917506059433942,0.4642064009350108,0.765290747083267,0.0066024138179418684,1904
0.15468087046999854,0.4307054763496957,-0.2479869286946376,0.43881069901107406,-1.1638437196935947,-0.36597287351662766,0.1576419310442049,0.6603903292096693,-0.08717145513633322,1905
-0.23731763198637668,0.5308801575479535,-0.5104780501307782,0.41999566663487053,-0.8466348798331538,-0.07762130818424834,0.1973826292946289,0.23079553562511465,0.248326980518661,1906
0.20325943456635023,-0.1631869581335736,-0.30648111528265426,0.011654146546647816,-0.5011162931662364,-0.12645915430580934,0.43002876030612114,0.3711812051809328,0.03796414024359898,1907
-0.38081476627584215,0.13711286972149817,-0.6130738423552253,0.5755811323445785,-0.9734415922284599,0.02451277784681833,0.25192284207602444,0.7140800385172391,0.11010769017721996,1908
0.05986581436534637,-0.08442630950085371,-0.5401075152387455,0.19649057752334154,-0.7794239548385459,-0.06941684719536743,0.6271985499064707,0.36009505589903795,0.17195191966741769,1909
0.22622341122808995,0.11506720153915165,-0.49453671774387786,0.12173676829744212,-0.7748594203854814,-0.09008920348100408,0.4838892256251814,0.24723079339504356,0.27450628344171435,1910
-0.13674841193093243,0.021579650009197742,-0.4927884531325418,0.35447642794377937,-1.101848842414446,-0.14390579304819054,0.2042370536326862,0.8963849987954567,-0.04769712153986741,1911
-0.060279641998328616,-0.13859435651007698,-0.24444338191527962,0.21714313806662253,-0.3975634452285472,-0.1307192236717357,-0.29943904258212023,0.9238133131556482,-0.19370434266240005,1912
0.2854771325374565,0.7552817036911943,-0.49809340592625495,0.04813624566683744,-1.2339800357375583,-0.21894366249132877,0.1584756539709106,0.3474737678607752,0.21493073440209393,1913
-0.056401330823400965,0.16520010084845507,-0.15345127488514476,0.2875501344074043,-0.9620898842354079,-0.11965399938334484,0.1918133834924674,0.6072279958277851,-0.2550691900315091,1914
0.26882512374608747,-0.12982900922587257,-0.39747716998491645,0.03555099293961212,-0.6444954344267811,-0.13562589791809465,0.5175365045054883,0.3848104239148187,0.15524030552845935,1915
-0.01573685033463374,-0.19129529482356822,-0.6169495341486262,0.4442920746445535,-1.1342318052002913,-0.29384921683569987,0.030056722696868265,1.2865217781403342,0.11330916791668072,1916
0.18716949993022106,0.3637840752323183,-0.4333267172732878,0.3550090062043636,-1.4508652906845945,-0.27380528992203623,0.03663412318973116,0.8010852494360738,-0.11253973564127419,1917
-0.18461000455558443,0.37992744789631755,-0.02566357237060575,0.7562929672413559,-0.9916978959559865,-0.30229848666152465,0.05556583246466645,0.7250560197068123,-0.24218743901630183,1918
0.3014207168632087,0.33627334991111135,-0.5791323380970198,0.06503033758690092,-0.8746599636143993,-0.01296479781416523,0.5457063408570891,-0.09363439063880895,0.413812554127651,1919
-0.3439535404766584,0.2365157151767876,-0.4906839502967705,0.5082949123404147,-1.0358836349090272,0.08987296411305785,0.3839348299091927,0.534785277053325,-0.09653955649811803,1920
0.3771276442767964,0.4167193522910541,-0.6384915350067449,0.029216105968935313,-0.9574435423596014,-0.2315984691782597,0.13867026446936284,0.4105089035035767,0.325312187989166,1921
-0.27455410353955834,0.2699180836852854,-0.3633505128776322,0.49674139908667597,-1.03090766353637,-0.09340860967382388,0.03573691581381256,0.821200384881955,-0.1367821636004844,1922
-0.3517316333821838,0.2665699388925769,-0.41439986092380143,0.47949869918319926,-0.9459929135686957,-0.033499836524785005,0.10637164540799375,0.7348135789068809,-0.14699198081064804,1923
0.12122702325391722,0.0937037900657061,-0.3502237958245485,0.3811987816022894,-1.0261468766951773,-0.2209690871443877,0.6180682639680156,0.4355601166265554,0.2081584947961644,1924
0.38285237215857015,-0.061820921598766856,-0.2235811687157192,0.21319496688278028,-1.0099207942034767,-0.4071778519406111,-0.030616841055250883,0.762806851902055,-0.10418725347018123,1925
-0.20729939537042688,-0.026621648289326973,-0.0792065067088617,0.4633800927634557,-0.8748334988331924,-0.08581481807663012,0.445382949484855,0.6486531725006502,-0.3550584398833457,1926
-0.051392712827894975,-0.35178367443862396,0.038092376666112794,0.35316467571465016,-0.48466486141323134,-0.1428174813766445,0.1979157588212559,0.9005049478665181,-0.35324489316214924,1927
-0.0661256043398574,-0.07318441141383047,-0.3565548956287259,0.2765735691488945,-0.6577674370424048,-0.09633073672176086,0.11639865950787319,0.7453841321648607,-0.07530991699361221,1928
0.2539287800493607,-0.1786066964334733,-0.17904314774505475,0.10571101611044974,-0.5837587255798996,-0.20960643675825397,0.26184407349409405,0.5856083780343067,-0.08837854059071239,1929
-0.4384305099249108,-0.33171155596889323,-0.3159284303960813,0.8264595910057333,-0.6830140724103184,-0.20323165253503875,0.5551279700692456,0.721170340979719,0.04551136788890152,1930
0.20639164767150459,-0.5283019859413445,-0.06270846112392015,0.2318021760932064,-0.5609953202468091,-0.3100611805988855,0.2562049578610249,0.9077590558860404,-0.12050640037426374,1931
0.1486559157075594,-0.262486164332091,-0.42278661766744924,-0.039398787644505225,-0.32534300829694607,-0.08376964019217148,0.16487118988619118,0.532679070651124,0.06092420041682031,1932
0.34079709702472355,0.20390434708994634,-0.34808979105453985,-0.03245589629387482,-0.3365929848591542,-0.1702980175782779,0.015973842628681525,0.056039935911165094,0.328551687835859,1933
0.19627299495094358,-0.5956731312736304,-0.3369860432225411,0.16797671672610853,-0.37256358362340447,-0.2850779116316039,0.18533168142206463,0.929221345704344,0.1540763577733103,1934
-0.1293532744788171,0.07498766911525356,-0.06054465077688442,0.41079730481875376,-0.9868128052979932,-0.16938942265421358,0.19204529288274186,0.7857308473676605,-0.4160552201415334,1935
-0.09914980205194718,0.3777280426323586,-0.5164171741154301,0.19759893164039072,-0.7000250375761754,0.10158419384962109,0.5144229694995034,-0.05652705207652832,0.20474170796740757,1936
0.05665265553771558,0.6020640259233615,-0.28985497301630353,0.5000126752937665,-1.5931293494593386,-0.29516898398011093,-0.03285072556482268,1.0104619682355975,-0.1876432250842822,1937
-0.18624046810192724,-0.2532689854769446,-0.40221952446699444,0.2649566484139511,-0.6674663715091999,-0.02946212737486946,0.3557634770565934,0.8035705562928362,-0.09695044035495837,1938
0.37288740801357917,0.09466877997458356,-0.3163698988907389,0.07030643165412728,-0.8787256801991338,-0.17999625738778507,0.31951762177272863,0.37849882642911653,0.07854739546608182,1939
0.1315626182747868,-0.0029190892192670933,-0.07212291985929874,0.35716803719904433,-0.794739579907316,-0.1866479785784403,0.05470347500714973,0.7732260039036638,-0.1304126449558643,1940
-0.11178298206563686,0.19832193073181797,-0.48574533566354067,0.297308015563785,-1.0799559302855124,-0.08293245114655913,0.1370237393803907,0.7927630267974027,0.07437147581124508,1941
-0.28281198352658254,0.3736986534141273,-0.13977550715568812,0.49144052894769646,-1.0639026966854432,0.03991554834498561,0.5082192127439904,0.30921748276520766,-0.26264905262930704,1942
0.41385249517312517,0.4480202040340257,-0.35880771970997793,0.33294198419361143,-1.4177257639086907,-0.3873618998078321,0.3219035837053854,0.6085722714002149,0.08439152186174748,1943
-0.0810371119110409,0.2898286609747348,-0.4585204721560234,0.12438479889366579,-0.8690800944248043,-0.022786092744423395,0.21399343993123407,0.48486047617605915,-0.03642207603821117,1944
0.2200711602105008,0.32660129587282516,-0.49027405345530894,0.37250405048492286,-1.2344978496118542,-0.20030575359835046,0.49246571760340013,0.29583947400912186,0.2339446022277419,1945
0.2336774430060949,-0.3382440665177016,-0.3428967965605297,0.2424253740769453,-0.6491713788763774,-0.36416900499573035,0.2696957278277037,0.8204729812760062,0.2150132757658032,1946
0.22521989275043813,0.27761965765624447,-0.35626943420008556,0.2632771706769924,-1.5048836343470866,-0.3942691749722971,0.04442624100924956,0.9609493485968525,-0.1738110770255336,1947
-0.2189899269896123,0.3226204286435521,-0.32350639299605205,0.5432207706064388,-1.4023042072140306,-0.09607934721052809,0.28106619462100096,0.8602324130075071,-0.14257367153082762,1948
0.181616274800516,0.4184476810255229,-0.5692970190069466,0.25918031691253435,-1.2546672068850875,-0.33216330975527686,0.13933804079892173,0.706676827176285,0.2059053871181506,1949
-0.17310633497169647,0.27188060404023473,-0.2802583344896621,0.43538437382454037,-1.1323919712842951,-0.0998435867011969,0.2208205702638479,0.7064462355279756,-0.19414667878657763,1950
-0.027199765083182115,0.03585706363208181,-0.14539012989883965,0.46090956538521255,-0.9653995722935609,-0.23468254530954138,0.40974469603117464,0.5646823566296835,-0.13462038105071414,1951
0.3204609246726006,0.2989662790626391,-0.2605484970196432,0.3133574061944881,-1.3678920927509026,-0.4246613065301237,0.0018798770863196514,0.9188509138025283,-0.07576109174936382,1952
-0.12855399621957633,0.03664045229786911,-0.4874006257258803,0.44818696790940143,-1.0812537717461226,-0.05945346138440835,0.49132499825610776,0.7053774466679066,0.043087332580327334,1953
-0.16589725357527693,0.17697934167061108,-0.08370269690377358,0.736798163409784,-1.3210840038191782,-0.23753594626929916,0.4090974131486744,0.7047289135178186,-0.22645993073824414,1954
0.3252831515705088,0.2060222747011756,-0.5951547670213064,0.20046144414754924,-1.101474187114561,-0.21846507602543308,0.30554001065974196,0.4338862809329865,0.30235570797027644,1955
0.3051296875051835,0.19813924478623518,-0.27106776305878494,0.27879556454128523,-1.0878611327804717,-0.345880373250122,0.19790368944058326,0.6668530895377157,-0.11009919368983663,1956
-0.3677796031834087,0.02657219831959657,-0.7046147781269597,0.38047781671611614,-0.8158051972490665,0.068346354214387,0.3298597063615103,0.6325759081567137,0.12094940609756526,1957
-0.2386709981123434,-0.030202825536830527,-0.5480634125456613,0.4278997300515489,-0.9720738862477047,-0.08118867199243604,0.30615015479690755,0.8200381727426101,0.012286484644589866,1958
0.2588048693041691,-0.12426702513456091,-0.6625700118816198,0.09928367210220801,-0.7071340635459529,-0.16206774032774318,0.3313521738174418,0.5948429455927048,0.46837776605627846,1959
-0.1293690314948805,-0.06214050250190933,-0.43565242709070334,0.39172451807209724,-0.9801449914318053,-0.19388540443678642,0.3654330264926109,0.7813881510693721,0.10120996455600723,1960
-0.18895349456487093,0.29990287638703267,-0.4323067938426212,0.21761502964570417,-0.7547419485804597,0.03315741665156698,0.15880848931037772,0.4184362787736048,-0.1047287210737356,1961
-0.1538650803606507,0.04264152792795062,-0.6022065111834587,0.5427665462219566,-1.1789940765563516,-0.24960684515135,0.12901837194794677,1.1564197894818282,0.05756282755069137,1962
-0.05140530139350355,0.07150098999767461,-0.2985301682710204,0.2738877773992036,-0.6475237010831856,-0.13227883001548219,0.3658863020872712,0.35385508970741164,0.024691333268921242,1963
-0.4044881654776742,-0.11682276712700174,-0.3327786852894671,0.5441919415117962,-0.6081670054735631,-0.06465314877393138,0.5380169706620165,0.41939192580545775,-0.054506354578805115,1964
-0.17354810950715738,0.34443167756495807,-0.16045233544421425,0.5965181706061435,-1.1349186348906921,-0.3016032489657456,0.17605305636019106,0.704214228934408,-0.07925106862090203,1965
0.20504438644466924,0.22913179933269723,-0.40511099210159984,0.3655187758243434,-1.3627596619449711,-0.3536883928163204,0.055420925955641326,1.0016246246351643,0.018485026677290236,1966
-0.496152501827714,-0.1581634775038226,-0.8087508955722033,0.5463195586835086,-0.6564172997795937,0.17912212159095095,0.6318903483487506,0.3236033403033141,0.23455364700613338,1967
-0.010788996767501608,0.361423982299652,-0.26461517201478324,0.29169073356891384,-1.3165041216296092,-0.1942349959194177,0.07373178846641161,0.8733738713235671,-0.179572281613064,1968
0.24958063905834782,0.21235332487115033,-0.2130311493831058,0.1953414081943257,-0.890261860189055,-0.24081104999807593,0.10694541192660732,0.4645341872158538,-0.057112427348233484,1969
0.1684701335031042,-0.44278568408610064,-0.42094889745047537,0.06756179357780966,0.016104433983304214,-0.18090203137663316,0.22652569993900415,0.32062590952523456,0.3817679778341023,1970
-0.06187797210978717,0.018107798301548426,0.1477974584536543,0.48054984102479165,-0.7119186590471912,-0.38873364842045205,0.11368248511867263,0.6042431968600451,-0.23046738766397834,1971
-0.42792231668205744,-0.38455610489029457,-0.6413888680315163,0.39404454625047414,-0.8020985256084632,0.1609608670697853,0.3635782332168271,1.052342689463119,-0.14046211373856934,1972
-0.06072211620454945,0.7669907510375754,-0.13664410272257038,0.4757498512935796,-1.0636984510241723,-0.19332379082627008,0.13371187989300568,0.22649124183071007,-0.018048951103515058,1973
-0.07189554748639994,0.3302606701618773,-0.1831224441964485,0.43321115171968094,-0.8706998962643459,-0.2123354446961137,0.2112393709369215,0.4767685770934474,-0.06905993558399742,1974
-0.2637620644714081,0.018698231856077583,-0.8128199940610561,0.48108560857732674,-1.0968573098608108,0.034707359436249564,0.3069626633218014,0.9344234263836619,0.2660161690730943,1975
-0.03842563649733346,0.16204058847976213,-0.38552453804870096,0.3867154265351024,-0.858344332117756,-0.20503026034566982,0.17751758325128292,0.6318533847349797,0.06405440006469867,1976
-0.0901628153085677,0.1912686193923098,-0.3199869767269769,0.337478587306156,-0.99768846701345,-0.15368234142607656,-0.058387298188374286,0.8785215228448136,-0.24615153992311573,1977
0.012686502818996684,0.021509713395418083,-0.3573280988318784,0.5347873212905416,-1.2469392018889618,-0.3579333232862782,0.0674724342727407,1.1450319718355675,-0.18400810975554346,1978
-0.1673564295699474,-0.18143441066929408,-0.4530111868816145,0.4036223313495215,-0.8289186689645902,-0.13190441860857086,0.23301669221603957,0.959200843004973,-0.02683495385600345,1979
0.2884834751074599,0.5562189605185888,-0.28387401185455424,0.4095872442568001,-1.2031960448264336,-0.24730632343132547,0.518425739293826,0.19403718192074176,0.23201731929455643,1980
-0.3024528973836749,-0.2878686122880982,-0.6470702479021683,0.31922761415272605,-0.7876893233071022,0.22231020159422998,0.5576551349953579,0.6158887618463966,-0.16919718196212663,1981
0.011010149630231149,0.15265770134728787,-0.1376419933794872,0.27199158039449445,-0.726401646896009,-0.14362129970461024,0.28351350709314577,0.37493269438786214,-0.2000341720696352,1982
-0.3245384202949392,0.38782232142829015,-0.14044038483768742,0.7767008191718128,-1.111061739621387,-0.34204556565180766,-0.1445909157484312,0.700315739907883,-0.2688586862948502,1983
-0.23322637075319885,0.6339330342306769,-0.566956010475946,0.5267270518465356,-1.1673510172499433,-0.09711569334994721,-0.0070803287022259565,0.6360977044301438,0.1503019128016218,1984
0.2547519783667376,0.5504055818191168,-0.2037683413690768,0.45759506303104835,-1.2970518024204836,-0.36170763013805834,0.49066693197583966,0.23037475978018676,0.21348298003501923,1985
-0.07961371765749407,0.18063564267230459,-0.366587381481694,0.468461379590281,-1.075780394418072,-0.06282257428804151,0.45914241095441566,0.48515143903536273,0.007175258879004924,1986
-0.10441116785164611,0.5128153323211415,0.028010869427513612,0.6422250207554416,-1.241661269500843,-0.33597026790749746,0.0736392224100944,0.5407532732134389,-0.24930972573681937,1987
0.27888671297560236,0.10157116131465009,0.08617381197930855,0.2641717026146398,-1.1416057666112944,-0.4227409894099011,0.09096000530987375,0.8489417656187394,-0.29821586345260365,1988
0.06966598885624754,0.11211624063149014,-0.2476046135376975,0.3506263431679277,-0.8784386118191057,-0.07811478591765034,0.5201696022553224,0.2706843110071123,-0.052932579007726875,1989
-0.11118963859747315,0.036151984991407225,-0.6838575659705703,0.19241783995515457,-0.6836008352529799,-0.010994714790971506,0.3639272698900253,0.5190346704019807,0.28793593004273393,1990
0.2881788446802906,-0.06485619885572942,-0.23177101763327393,0.16851236835500066,-0.7771058086428313,-0.3011890882905617,0.11490820735715651,0.6508165950361361,-0.12650220646888877,1991
-0.013807802366424732,-0.5196708315089161,0.040979854461301535,0.17774762587034038,-0.5084060782802042,-0.13914163112881897,0.2839442843731807,0.9488438272327652,-0.44139247173502144,1992
0.2143193045612857,-0.2183698721198366,-0.30711328073095073,0.22595581752783184,-0.6199960816373006,-0.23754400109882687,0.16341715015219588,0.6980860373220122,0.062323718029883145,1993
0.06027256645552037,0.3542372170955624,-0.1854169199083294,0.41394903848336234,-1.3036705228807652,-0.2594673474753494,0.0336289686948836,0.8745069767894545,-0.2728615664208443,1994
0.09171755473912926,0.5003792607598424,-0.39478092197612114,0.1198194233519452,-0.974488678529237,-0.12241559033987845,0.1986400754856091,0.38068451693743444,0.00012098165416590376,1995
-0.1267902353605016,0.24435197117337693,-0.3783131862550598,0.4897704389948282,-1.0753771503366034,-0.22914731389979198,0.17283323920248142,0.5074299004412227,0.024794941563100796,1996
0.0616266154336209,0.05509978834889608,-0.3007991028550167,0.32090077095620984,-0.9858336162458635,-0.15529489476159639,0.5683619174270961,0.4754219474694129,-0.016570029869909735,1997
-0.05545113800936092,0.6318262931579726,-0.19461364713948046,0.2300698272037051,-0.964511119310897,-0.10269909566966684,0.041339822571251655,0.36437583888086456,-0.20062210666719252,1998
0.05038530497034579,0.09306148865484708,-0.3070859619638117,0.07139538219696233,-0.6053348424778825,-0.07769382468677041,0.017351387210781995,0.5550888083319734,-0.1131804001758601,1999
0.1516449859865192,0.511474748054564,-0.4792705991830382,0.27881791041102677,-1.1244184889449882,-0.2981334398658533,0.10884605750094653,0.5779974150210074,0.1632691515023834,2000
